-830676.35391
-830329.36992
-830061.13322
-830370.94605
-830074.78815
-830113.65033
-830728.82403
-830359.26939
-830173.20314
-830408.64353
-830667.14816
-830618.05531
-830481.24819
-830263.01598
-830499.13462
-830019.26384
-830098.62381
-830469.75062
-830319.40092
-830300.37905
-830279.95845
-830615.54275
-830227.04113
-830409.12456
-830531.21335
-830230.40116
-830472.70091
-829716.76881
-830158.92925
-830388.42679
-830357.81319
-830092.68516
-830301.81372
-830170.38200
-830496.42917
-830390.51244
-830198.45942
-830075.12641
-829832.23060
-830172.40558
-830350.00083
-830364.14825
-830696.68715
-830647.90725
-830470.76537
-830560.77203
-830123.29654
-830401.88902
-830504.50420
-830716.52245
-830729.25216
-830605.40274
-830631.66783
-830353.25386
-830590.59438
-830729.08513
-830120.33941
-830733.97629
-830272.00907
-830650.87326
-830441.42220
-830431.84566
-830221.71630
-829927.60986
-830290.12051
-830428.20667
-830582.91742
-829990.62335
-830305.56952
-830512.30401
-830221.01531
-830599.20327
-830378.36844
-830331.63759
-830532.73075
-830722.10595
-830672.60874
-830747.02587
-830114.79215
-830467.36706
-830231.75295
-830569.14597
-830355.36288
-830198.85998
-830477.90552
-830294.96179
-830265.81706
-830053.66240
-830413.41033
-830346.72367
-830576.56172
-830543.95257
-830266.34811
-830569.51006
-830244.40230
-830567.91148
-830695.02206
-830428.08207
-830065.51065
-830560.58470
-830777.76921
-830317.67053
-830470.68279
-830314.29400
-830437.27672
-830681.66027
-830610.22571
-830214.65072
-830366.17444
-830621.21333
-830265.16088
-830680.46073
-830539.09736
-830055.71340
-830215.52872
-830265.26603
-830737.60372
-830202.96972
-830473.42360
-830671.56710
-830189.76072
-830692.06665
-830351.64225
-830170.45253
-830410.79577
-830259.30938
-830432.69521
-830861.16028
-830736.68368
-830550.59523
-830343.51708
-830337.80813
-829936.12035
-830468.33485
-830027.30577
-830483.89490
-830680.18418
-830773.88552
-830517.21874
-830224.03230
-830371.24223
-830602.85198
-830129.17331
-830503.99019
-830255.83264
-830268.12125
-830262.92651
-830639.12990
-830409.49802
-830261.59116
-830342.93656
-830561.44048
-830486.72610
-830189.46145
-830236.80866
-830676.44068
-830939.41600
-830379.83457
-830412.92798
-830666.14356
-830530.23536
-830566.30454
-830490.26653
-830091.67452
-830706.69921
-829950.07816
-830336.15003
-830373.89808
-830074.44048
-830378.83354
-830362.35597
-830616.78591
-830668.66289
-830153.36285
-830373.19426
-830323.04000
-830375.81631
-830378.54982
-830282.84269
-830743.21276
-830558.61543
-830603.53193
-830304.88907
-830865.08452
-830225.13041
-830432.21539
-830872.31008
-830099.65351
-831183.21744
-831028.04421
-830400.53719
-830366.91046
-830780.30895
-830392.02576
-830578.37972
-830788.42975
-830934.82234
-829975.37522
-829953.68000
-830548.51883
-830432.76781
-830426.09383
-830631.85849
-830819.54742
-830384.53734
-830695.11760
-830726.73660
-830640.01892
-830350.87619
-830000.88827
-830718.74137
-830890.46509
-830654.78864
-830497.59031
-830318.63372
-830470.93417
-830300.87379
-830871.37897
-830184.87168
-830638.51583
-830857.91432
-830079.73547
-830325.55206
-830615.12771
-830666.84308
-830636.28573
-830349.01364
-830390.54750
-830222.43983
-830743.23735
-830836.84232
-830438.98496
-830761.68486
-830510.67595
-830299.63110
-830346.25400
-830595.23986
-830524.53768
-830379.60419
-830012.02393
-830345.78322
-830882.26453
-830583.33332
-830270.98939
-830245.31509
-830872.42598
-831157.38509
-830103.61567
-830176.74698
-830328.05866
-830828.41598
-830384.01677
-830361.06531
-830088.42745
-830840.11470
-830234.87097
-829897.62332
-830816.18341
-830287.02390
-830570.01014
-830892.82311
-830306.99962
-830267.68277
-830357.41011
-830655.17864
-830948.67250
-830443.86689
-830803.61452
-830806.79919
-831113.38470
-830662.28451
-830056.02139
-830610.66878
-830516.13618
-830632.11822
-830646.10727
-830525.70128
-830486.84844
-830560.58064
-830707.01617
-830593.89116
-830308.55567
-830274.62130
-830209.37611
-830266.64023
-830488.79336
-830670.01023
-830481.27270
-830388.13578
-830307.82657
-830617.10632
-830064.42508
-830382.66052
-830808.34314
-830382.47819
-830740.82093
-830215.20737
-830329.04947
-830289.11585
-830609.20428
-830317.95153
-830421.80333
-830654.95874
-830633.83934
-830592.01953
-830610.72578
-830427.03631
-829978.32462
-830392.69064
-830409.51096
-830589.90064
-830243.99207
-830746.31427
-830348.44579
-830557.52619
-831063.24504
-830599.03666
-830501.14442
-830429.86704
-830503.28376
-830792.43555
-830458.09417
-830771.95320
-830833.58853
-830814.22093
-830489.54001
-830403.62356
-830653.45917
-830941.68137
-830415.83753
-830245.62238
-830637.77467
-830489.13558
-830664.99645
-830707.09048
-830568.41874
-830651.02248
-830632.20003
-830562.75837
-830231.77414
-830524.68879
-830449.28578
-830356.05211
-830416.16940
-830291.07538
-830673.60131
-830334.25805
-830524.49687
-830260.09543
-830300.39424
-830683.72361
-830475.27032
-830724.12249
-830490.17849
-830429.40047
-830165.23903
-830438.20929
-830585.07362
-830158.63186
-830360.90055
-830755.66226
-830816.55339
-830601.89146
-830912.01740
-830814.49663
-830709.02983
-830506.00665
-830555.57250
-830659.99475
-830618.42844
-830506.37084
-830723.78814
-830987.03360
-830599.21763
-831047.09812
-830618.99579
-830727.53994
-830899.87078
-830870.66166
-830548.49865
-830583.43043
-830694.47236
-830615.50743
-830945.20386
-830786.91446
-830675.91291
-830326.96286
-830417.30050
-830265.03520
-830391.30256
-830834.90388
-830156.30658
-830469.83179
-830712.84566
-830501.28946
-830804.68332
-830423.66473
-830761.89242
-830312.42999
-830803.22506
-830814.44918
-830948.16017
-830523.18663
-831022.51307
-830634.87313
-830992.22028
-830793.40972
-830550.47650
-830858.50607
-830319.86773
-830534.86993
-830399.33598
-830961.56589
-830885.38121
-830643.21559
-830758.70824
-830436.65135
-830661.25078
-830607.21464
-830421.02157
-830692.65972
-830537.44078
-830883.63978
-830629.03045
-830554.60650
-831028.99791
-830662.63639
-830717.01798
-830575.65681
-830636.54694
-830620.32488
-830600.19407
-830882.22745
-830719.54997
-830711.60683
-830792.78526
-831039.44184
-831042.74916
-830931.02898
-830848.59964
-830502.73800
-830841.98296
-830806.18054
-831142.41280
-830392.15332
-830569.93170
-830702.61746
-830504.77601
-830395.46083
-830997.77303
-830474.64942
-830132.97375
-830342.71113
-830818.88313
-830914.32406
-830686.23871
-830594.56715
-830888.41477
-830640.87789
-830957.13841
-830673.25547
-830594.47174
-830550.00869
-830568.85910
-830735.59943
-830556.28243
-830259.17353
-830695.24463
-830462.41397
-830922.40243
-830978.73587
-830391.12937
-830816.45572
-830840.64971
-830613.92712
-830908.43670
-830521.77287
-830621.26709
-830557.70919
-830919.96482
-830308.38587
-830755.17430
-830739.58715
-831214.44019
-830967.07094
-830902.66946
-831127.47336
-830939.87388
-830544.83578
-830865.45264
-831253.79518
-831035.59964
-831005.80436
-831133.23391
-831094.13659
-830990.06810
-830729.90431
-830801.13740
-830689.75071
-831254.99602
-831068.64668
-831074.02482
-831016.90175
-830754.35689
-831248.71272
-830966.77255
-831137.80407
-830417.98111
-830846.90931
-830787.63252
-830818.47683
-831234.16154
-831136.48315
-831024.13064
-830997.17561
-830670.17622
-830976.16248
-830907.86852
-830991.69451
-830866.77715
-831110.56607
-831009.48866
-830906.61376
-830955.12973
-830928.75401
-830899.20441
-830696.04866
-831099.22690
-830802.86636
-831025.35616
-830828.53074
-831047.11872
-830709.62878
-830800.07937
-830878.32220
-831211.11916
-830717.81590
-830482.30537
-830598.36183
-830721.15739
-830909.13154
-830606.78863
-830778.17693
-830617.97528
-830769.56772
-830654.09387
-831153.39503
-830443.07303
-830534.75418
-830843.78562
-830762.11107
-830607.57938
-830846.89815
-831047.27094
-830673.54821
-831019.32641
-831219.82641
-830982.02219
-831040.90553
-831002.78509
-830985.50723
-830850.48451
-830899.72729
-830775.13729
-830818.66826
-830972.95076
-831151.53671
-831233.88735
-831094.55246
-830962.74234
-831030.57052
-830744.58743
-830868.34553
-830826.68686
-831014.34350
-831017.11417
-831249.90663
-830974.39286
-830994.04400
-830612.21468
-830894.11644
-831029.32742
-830982.54285
-831267.13247
-830908.13715
-830986.14596
-831210.05851
-830983.57373
-831501.39765
-830889.64455
-831197.80444
-831320.54525
-831326.68922
-830911.84717
-831184.89502
-831122.49776
-831114.32263
-831129.75241
-831321.96799
-830904.23696
-831368.05212
-831145.33701
-831360.97402
-831280.97119
-831090.76763
-831116.51267
-830924.95606
-831279.96714
-831282.59530
-831125.56774
-831080.59466
-831264.94331
-831499.48739
-831358.99201
-831752.42212
-831274.22994
-831176.85613
-831258.97394
-831508.74219
-831609.47444
-831131.52678
-831225.04969
-831516.16941
-831004.77408
-831295.87546
-831097.77361
-831162.48443
-831364.57743
-831267.44801
-830913.86502
-831049.63748
-831164.02421
-831357.35295
-831549.50738
-831226.82582
-831310.09924
-831425.67145
-831343.15168
-831006.32701
-830870.46017
-831487.93198
-831692.75685
-831620.56861
-831409.93046
-831187.42580
-832074.52653
-831494.08164
-830997.63505
-831329.76136
-831516.66122
-831266.69329
-831531.76215
-831016.31948
-831326.74275
-831673.34899
-831089.98621
-831215.37728
-831652.83349
-831093.46568
-831332.16624
-831502.03291
-831453.29603
-831556.39793
-831758.88978
-831558.27749
-831431.81156
-831026.53544
-831302.96081
-831510.62100
-831256.94228
-831057.19524
-831397.40707
-831400.37654
-831325.45088
-830978.04493
-831202.60752
-831220.85491
-830912.84918
-830988.89561
-831242.25778
-831443.07785
-831315.10716
-831154.20488
-831166.73393
-831080.20983
-831166.05647
-831289.10276
-831322.67413
-831308.00770
-831228.97775
-831041.32733
-830698.48857
-830839.52244
-831434.41221
-830967.42083
-831154.70401
-831256.40788
-831263.52077
-831155.12456
-830841.43991
-831151.71670
-831132.19020
-831091.41848
-830775.67965
-831318.83233
-831282.69219
-830528.36798
-831020.94021
-831246.46035
-831330.89258
-831269.68944
-831285.68034
-831187.94828
-830862.48950
-831295.51394
-831237.66495
-830979.38255
-831394.05315
-831204.47207
-831990.00526
-831307.43220
-830933.05545
-831078.96962
-831547.33418
-831332.87812
-831258.95111
-831264.02675
-831269.70951
-831667.34123
-831371.32104
-831286.47002
-831588.35730
-831645.15227
-831417.50812
-831211.25482
-831614.67260
-831662.38130
-831598.56776
-831480.83227
-831572.52485
-831398.01296
-831436.28781
-831438.16527
-831099.21120
-831541.26941
-831651.93661
-831958.46753
-831386.75681
-831853.63915
-831592.62438
-831082.91473
-831308.71574
-831390.53478
-831584.99896
-831364.54097
-831575.16615
-831552.67816
-831074.61473
-831696.92778
-831704.01012
-831627.54968
-831498.13248
-831865.92799
-831824.02373
-831497.86480
-831392.21109
-831327.08561
-831458.27771
-831132.93269
-831495.37347
-831704.05269
-831501.90357
-831308.90615
-831309.01856
-831338.82175
-831534.59868
-831519.26590
-831411.09490
-831123.83707
-831420.76171
-831530.48051
-831565.69855
-831495.35935
-831109.28709
-831324.54012
-831504.39958
-831249.18616
-831462.58670
-831665.61347
-831566.21738
-831107.74328
-831145.57286
-831471.28209
-831292.80150
-831296.92348
-831316.97506
-831246.42657
-831701.77844
-831433.03304
-831946.51200
-831691.91968
-831674.31318
-831790.25710
-831690.33004
-831838.55071
-831128.18801
-831711.13297
-831627.97711
-831356.23297
-831656.04331
-831338.04406
-831463.41128
-831251.32632
-831191.34763
-831027.95956
-831316.55660
-831375.14439
-831356.74027
-831601.75446
-831368.98185
-831354.58116
-831586.79035
-831571.89789
-831345.98450
-831260.91971
-832041.06953
-831906.39774
-831451.69097
-831069.70082
-831158.39534
-831620.11790
-831511.85836
-831402.24423
-831752.51857
-832037.71764
-831582.00482
-831519.64650
-831283.47196
-831528.41908
-831223.99551
-831045.08481
-831326.16631
-831325.04504
-831440.43913
-831288.59293
-831228.46734
-831704.80164
-831556.95140
-831391.33408
-831558.08079
-831544.65407
-831270.95631
-831288.56550
-831308.39762
-831684.08179
-831231.96047
-831662.72029
-831733.57217
-831828.19295
-831484.48387
-831828.29378
-831546.90165
-831729.96504
-831578.77993
-831630.54832
-832079.17748
-832128.03395
-831460.72982
-831582.04890
-831121.83717
-831545.52028
-831423.55286
-831532.82113
-831758.44679
-831379.35868
-831606.81294
-831592.91397
-831556.20633
-831200.05148
-831378.68114
-831393.90174
-831646.42064
-831409.94308
-831544.88774
-831021.13103
-831017.56010
-831569.78016
-831202.91974
-831466.02875
-831731.21788
-831562.53105
-831427.64715
-831457.08604
-831327.35902
-831448.19244
-831452.41655
-831442.49242
-831428.09275
-831808.79499
-831653.19857
-831738.78645
-831521.60229
-831750.06584
-831754.66926
-831805.21779
-831819.69932
-831996.97146
-831827.37878
-831498.66159
-831678.29878
-831517.59985
-831608.44050
-831366.65441
-831919.88509
-831622.50878
-831597.73179
-831734.61175
-831588.26130
-831869.10862
-831543.58982
-831555.32752
-831567.22649
-831798.27025
-832090.60673
-831527.01413
-831956.19446
-831930.97447
-831892.99929
-831943.75701
-831790.71807
-831757.29826
-831613.00428
-832033.53666
-831943.61212
-831566.69734
-831305.82781
-831832.36768
-831695.69332
-831748.84292
-831781.11737
-831728.70693
-831462.17847
-831582.58375
-831462.03581
-831393.49960
-831372.09595
-831889.46610
-831355.84885
-831604.36901
-831456.76663
-831364.19168
-831545.49861
-831596.03989
-831786.60298
-831603.67346
-831730.28881
-831421.86977
-831820.52490
-831823.64857
-831835.01073
-831794.41542
-831221.58552
-831972.65602
-831497.88986
-831437.40576
-831667.95097
-831797.02050
-831666.61656
-831764.53740
-831400.22250
-831450.23417
-831443.79415
-831616.28519
-831615.88402
-831470.45302
-831748.62416
-831634.22680
-831780.35789
-831516.51571
-831558.42905
-831806.96358
-831671.50278
-831352.72688
-831914.17865
-831479.72458
-831795.43440
-831586.35611
-831520.97826
-831205.92621
-831667.61324
-831295.84599
-831765.21775
-831534.89400
-831314.33452
-831835.14269
-831559.82641
-831690.75823
-831496.11304
-831467.07287
-831746.35995
-831932.71589
-831526.80241
-831623.75154
-831526.74710
-831757.00584
-831523.87950
-831702.65865
-830998.31232
-831465.53320
-831390.87853
-831319.38587
-832047.91032
-831729.66725
-831621.43382
-831825.88509
-831721.71670
-831377.35468
-831663.31221
-831713.37792
-831692.60971
-831772.46049
-831850.85585
-831573.90443
-831795.87302
-831841.11712
-831474.04148
-831836.13959
-831749.03189
-831695.70704
-831697.40546
-831554.61344
-831504.40637
-831336.68998
-831486.15010
-831712.66053
-831910.92810
-831595.66909
-831843.20104
-831943.79672
-831539.20327
-831448.97073
-831215.58891
-831709.73923
-831573.90457
-831738.81950
-831585.14768
-831325.97217
-831568.62832
-831527.53966
-831727.27345
-831504.77649
-831992.50999
-831254.93927
-831650.81534
-831828.78759
-831609.87384
-831899.98788
-831739.81923
-831699.19046
-831686.73788
-831327.70255
-831506.42917
-831616.40339
-831816.36730
-831780.57240
-831344.38827
-831639.21868
-831833.89931
-831721.31402
-831558.16290
-831758.42188
-831817.02263
-831638.17207
-831955.52066
-831425.49857
-832050.90050
-831197.92944
-831339.42621
-831403.78401
-831206.89171
-831798.96765
-831941.30104
-831640.29469
-831586.12820
-831898.10027
-831811.98684
-832202.24134
-831628.27696
-832143.05203
-831728.01105
-831794.21683
-831991.15783
-832066.97478
-831700.73529
-831614.97250
-831931.79256
-831206.95891
-831926.80333
-831836.60964
-831663.58924
-832155.10476
-831650.41065
-831935.01853
-831622.22012
-831971.42181
-831307.94847
-832238.07369
-832016.77958
-831577.36702
-831708.25322
-831980.86842
-831976.55916
-831954.41296
-831553.90358
-831698.68119
-832397.74450
-831839.80372
-831958.22585
-831838.11341
-832536.28459
-832236.85587
-832551.06821
-832053.70554
-831995.86360
-832227.25672
-832174.36014
-831911.81543
-832145.80972
-832212.78731
-831611.58398
-831610.63090
-831801.85639
-831550.90495
-831947.38511
-832033.47399
-831923.93776
-832292.77448
-831960.03486
-831759.54851
-831834.39787
-831371.87070
-831432.38155
-831971.02987
-831709.63839
-831496.07409
-831540.87513
-831620.17234
-831599.23148
-832201.75326
-832346.90100
-831929.30611
-831992.24243
-832012.46383
-832040.91584
-831446.82457
-831961.29330
-831642.03086
-832006.77536
-831908.66817
-831871.85154
-832248.74665
-832034.51691
-832158.35749
-831970.71794
-831748.98658
-831880.24022
-831715.85144
-831978.54016
-831896.44127
-832097.64866
-832164.14712
-832058.96369
-832338.90278
-832319.19582
-832205.47926
-831847.29183
-832178.63958
-832117.87086
-832343.54313
-832395.76136
-832153.04759
-832544.48012
-832293.91071
-832210.15367
-832005.33222
-832396.05948
-832199.77756
-832768.09127
-832204.87685
-831819.51300
-832095.90533
-832009.94301
-832596.77672
-832274.05735
-832313.50301
-832142.65926
-832049.36904
-832001.09420
-832758.03116
-832174.08678
-831805.85526
-832270.98610
-832173.21381
-832454.42778
-832477.81836
-832250.07687
-832339.73053
-832169.39334
-832666.50898
-832395.98218
-832367.38284
-832169.96525
-832518.83671
-832162.67543
-832632.71139
-832369.99870
-832305.03158
-831955.03327
-832255.68330
-832301.68612
-832439.59507
-831970.05257
-832325.25433
-832436.62530
-832344.48168
-831913.19707
-832293.68309
-832071.85289
-832247.35332
-832414.27176
-831973.90735
-831958.16118
-832315.34554
-832534.74979
-832561.36191
-832397.51669
-832290.87557
-832235.35535
-832238.80885
-832565.67156
-832219.65100
-832354.01127
-832416.92494
-832590.26540
-832314.20960
-832786.15368
-832384.65996
-832487.21349
-832255.99155
-832547.92608
-832614.22403
-832673.14090
-832499.19784
-832242.02656
-832581.94714
-832276.71801
-832166.61545
-832460.52798
-832106.07952
-832058.00196
-832548.10833
-832246.54371
-832395.25608
-832547.89542
-832894.54811
-832262.69725
-832044.78354
-832150.94419
-832019.02783
-832657.97156
-832050.14026
-832280.35244
-832748.41653
-832445.99500
-832346.67349
-832632.76734
-832730.40308
-832360.77607
-832395.20247
-832195.15982
-832029.42931
-832373.90069
-832539.06742
-832376.58668
-832363.43704
-832456.67104
-832458.41242
-832521.08637
-832443.82059
-832307.56824
-832793.70454
-832852.93095
-832928.57088
-832714.77510
-832685.25557
-832549.08743
-832585.29060
-832782.88894
-832599.99162
-832865.37876
-832948.88020
-832814.34533
-833120.65751
-833174.19728
-833256.34276
-832654.76863
-832611.70371
-832887.95412
-832847.10295
-832680.10869
-832800.90172
-832944.85217
-832740.35861
-832753.60398
-832624.37116
-832561.86821
-832635.77668
-832372.48710
-832668.02235
-832789.70578
-832238.07073
-832870.19542
-832830.23647
-832662.85041
-832959.84782
-832760.21389
-832774.23379
-832857.82464
-832712.03247
-832540.94434
-832825.79065
-832996.75281
-832792.66196
-832657.76480
-832622.78451
-832774.51494
-832515.58447
-832872.74712
-833086.28855
-833027.78773
-832915.33415
-833017.03202
-833019.94449
-832862.17918
-833059.19033
-832652.85877
-832382.67164
-832566.02158
-833075.35737
-832984.58034
-832841.99199
-832994.72299
-832686.98029
-832786.16264
-832718.25361
-832632.00790
-832683.16134
-832686.94897
-832659.07118
-832415.20761
-832597.98919
-832399.67579
-832202.39712
-832432.46067
-832761.12890
-832691.81521
-832700.67628
-832325.84980
-832693.04482
-832894.37249
-832223.40534
-832923.13384
-832759.26198
-832620.75246
-832526.63903
-832773.84039
-832702.51609
-832513.87889
-832941.29596
-832474.91523
-833177.65384
-832680.28042
-832530.86943
-832946.17926
-832661.46654
-832839.01314
-832258.62373
-832939.33924
-832793.38137
-833342.68325
-832875.19938
-832573.73225
-832615.72921
-832932.35250
-833094.49960
-832806.13345
-832560.79540
-832860.33795
-833137.62925
-832928.98759
-832730.77558
-832834.09194
-832956.14633
-832726.59991
-832913.79022
-832969.61517
-832893.73862
-832541.44344
-832749.12683
-832959.14561
-832867.74281
-832842.00554
-832892.81386
-832839.77976
-832856.60223
-832955.20774
-833003.55038
-832622.88313
-832766.35369
-833032.66020
-832793.48342
-832753.99011
-832899.62180
-832946.57132
-832837.08384
-832877.66949
-832836.26801
-832882.61899
-832915.76188
-833131.37895
-832691.52090
-832641.65124
-832644.69817
-832667.70209
-832799.41015
-832570.66384
-832632.31366
-832943.90633
-832916.70572
-833008.47765
-832590.67933
-832640.46685
-832982.21230
-832205.18935
-833126.90416
-832529.71130
-832809.33718
-832733.96342
-832982.06138
-833069.79944
-832740.47399
-832651.86826
-832731.88120
-832716.75366
-832690.40629
-832969.75230
-832913.37716
-832542.28873
-832515.54999
-833264.75836
-832538.21902
-832893.98808
-832369.55207
-832767.63226
-832733.45810
-832737.36542
-832731.98703
-832531.34399
-832446.85133
-832572.41579
-832442.60708
-832533.28409
-832474.65837
-832446.76767
-832612.63296
-832705.83627
-832347.31424
-832703.54787
-832993.28590
-832417.71618
-832772.71940
-832499.66764
-832654.39278
-832682.19514
-832559.27371
-832468.11155
-832176.62052
-832526.43237
-832443.15289
-832691.81339
-833111.60743
-832232.56601
-832836.44399
-832295.07185
-832112.85077
-832741.00278
-832751.84443
-832252.89778
-832879.88711
-832546.97249
-832479.98923
-832840.42598
-832396.76838
-832822.39863
-832710.86308
-832832.13599
-832505.14409
-832623.27284
-832846.64238
-832842.03280
-832840.45952
-832418.08831
-833131.77152
-832664.07942
-832794.41595
-832700.34199
-832856.99368
-832940.42486
-832962.89823
-832331.18344
-832697.86957
-832970.37659
-832560.31420
-832792.49279
-833033.13639
-832599.78597
-832746.80410
-832576.71208
-832340.18556
-832768.74892
-832659.01624
-832653.28674
-832600.78241
-832733.48414
-832165.85253
-832476.11608
-832400.42812
-832192.84030
-832332.71806
-832298.75656
-832364.26379
-832470.01734
-832018.21976
-832286.37156
-832487.46606
-832515.92715
-832530.60464
-832425.32641
-832247.93362
-832608.12985
-832622.11853
-832439.99344
-832319.01831
-832779.66735
-832918.20353
-832436.34317
-832266.95854
-832595.60631
-832331.10357
-832616.54560
-832545.94705
-832727.49563
-832568.78612
-832149.96969
-832403.53074
-832496.74478
-832330.61842
-832341.70489
-832253.41687
-832351.48636
-832701.81543
-832266.86827
-832424.33673
-832477.16600
-832347.54539
-832587.96687
-832580.53423
-832936.07641
-832849.36384
-832393.73939
-832376.04466
-832765.06544
-832508.67262
-832538.53951
-832753.14316
-832635.69241
-832693.31900
-832722.97598
-832342.16738
-832698.07886
-832992.81965
-832788.18493
-832168.14120
-832563.23940
-832672.15263
-832461.38414
-832381.12122
-832611.21007
-832438.36162
-832589.14788
-832841.86588
-832588.53432
-832931.75533
-833014.64483
-833320.50293
-832620.09694
-832468.92057
-833058.92642
-832202.25314
-832571.13614
-832527.95959
-832708.09795
-832675.02175
-832933.20956
-832814.79522
-832498.39546
-832802.48680
-832573.03868
-832715.74788
-833328.88370
-832697.91749
-832789.27522
-832840.33444
-832734.18864
-833140.15304
-832663.60000
-832582.78951
-832795.71753
-832708.14295
-832805.33687
-832940.97363
-832636.12550
-832696.83322
-833192.67633
-833121.35224
-832804.69063
-832399.68113
-832695.36192
-832845.60262
-832805.28634
-832797.45130
-832983.68020
-832957.00110
-832676.98404
-832686.92845
-833143.74920
-832653.58119
-832603.76180
-832859.56999
-832771.97818
-832274.68089
-832998.95298
-832469.96463
-832823.28603
-833129.50479
-832467.11379
-832532.62545
-832905.44834
-832697.56779
-832718.86285
-832559.71789
-832879.13184
-832681.88450
-832548.75049
-832928.21548
-832894.73612
-832936.45006
-832953.09716
-832752.84951
-832553.68184
-832836.96562
-832488.77191
-832564.26654
-832854.62650
-832778.97797
-832933.89313
-832741.86179
-832714.68264
-832583.30636
-832840.11557
-832582.00718
-832675.72255
-832657.45148
-832546.58530
-832953.41037
-832774.99271
-832552.37889
-832915.68366
-832616.97666
-832307.70729
-832285.82525
-832337.46384
-832551.51857
-832718.70584
-832761.23109
-832891.48032
-832842.05982
-832965.41479
-832455.83949
-832202.80491
-832677.68420
-832507.11811
-832117.59137
-832087.66416
-832975.88173
-832423.77380
-832594.91082
-832795.78881
-832726.07883
-832723.30092
-832567.76055
-832445.43437
-832181.52442
-832750.68439
-832569.05046
-832468.47745
-832533.73289
-832646.26472
-832708.86184
-832373.30426
-832626.99594
-832117.44207
-832778.37460
-832793.66203
-832833.20966
-832628.33679
-832649.01895
-832509.45768
-832794.69829
-832527.18688
-832549.80058
-832354.15001
-832253.70326
-832441.66389
-832482.93005
-832527.61211
-832821.58420
-832504.00072
-832668.85647
-832731.62069
-832663.75757
-833046.01855
-832628.68694
-832535.81761
-832673.94155
-832997.95855
-833124.12795
-832855.75424
-832855.05809
-832597.86983
-832794.65298
-832793.36512
-832665.14561
-833041.03217
-832673.14360
-832569.32049
-832661.09808
-832646.19733
-832713.90548
-832529.39376
-832379.80507
-832972.29396
-832966.13281
-832746.33243
-832733.31334
-833219.75336
-832996.59405
-832529.08949
-832998.55719
-832868.20513
-832911.77657
-833085.91468
-833035.19529
-832885.49145
-833168.31020
-833020.47979
-832995.02551
-832845.97799
-832581.39905
-832884.26973
-832754.03090
-832649.08401
-833247.55738
-832591.70215
-832788.37945
-833282.95824
-832759.85335
-833253.92372
-833246.74705
-833000.31373
-832877.99829
-832782.89450
-832725.91167
-833371.50370
-833287.82517
-833172.45186
-832701.59725
-833108.80405
-833115.35962
-833347.70116
-833353.26836
-833028.64238
-833048.71248
-833207.20751
-833488.02194
-833019.88810
-833006.86851
-833135.18983
-833368.99046
-833188.23923
-833135.84801
-832476.60905
-832990.13420
-832609.74916
-832849.85680
-833115.32564
-833168.13596
-832622.63103
-832847.69365
-833103.46106
-832800.99249
-832697.04209
-832998.42595
-832999.59213
-833231.21663
-833120.65803
-832648.11664
-833066.74128
-832950.91306
-832689.91469
-833297.97803
-832843.43922
-832921.50398
-833066.95537
-832766.02746
-832170.80304
-832989.82738
-832994.29634
-832986.22739
-832753.92739
-832527.65893
-833187.42001
-832992.73406
-832805.47895
-833168.01359
-832581.88897
-832683.67409
-832960.14591
-833007.37621
-832535.89272
-832652.85468
-832686.62679
-832819.99829
-832822.20486
-833060.28250
-832837.23639
-832865.84046
-832680.71915
-832832.88894
-832644.95871
-832768.32003
-832591.01313
-832841.97565
-832889.86071
-832838.08050
-833095.18917
-832990.36259
-832293.30328
-832835.54019
-833328.42951
-832540.10077
-832992.94528
-833119.06149
-832805.43888
-833155.59999
-832659.01685
-832478.24377
-832719.04091
-832824.47740
-832918.19772
-832854.23920
-832967.05785
-833281.41829
-833005.55147
-832827.29901
-832709.97569
-833162.25098
-832879.45999
-832773.78011
-832679.05336
-832687.80714
-832715.58763
-832564.47398
-832802.38304
-832603.85466
-832403.33073
-832504.96312
-832956.31442
-832832.46329
-832994.17928
-832532.16325
-833104.47219
-832415.40827
-832795.35108
-832993.07877
-832972.37801
-832952.60280
-833082.61524
-832577.36748
-832562.82483
-832813.94388
-832989.50522
-832582.09115
-832836.43768
-832875.95191
-832765.65421
-832841.56564
-832838.72155
-832474.57620
-833109.43997
-832970.18438
-833279.41120
-833034.17194
-832663.12730
-832873.11662
-832864.60286
-833157.08031
-833261.50532
-832723.33285
-832627.28964
-832470.66831
-832959.08209
-832478.40361
-832852.09544
-832789.90970
-832801.32560
-832894.84438
-832703.33809
-832351.13009
-832755.15097
-832693.95124
-832936.87166
-832736.60546
-832841.78430
-832405.41261
-832689.68751
-833172.81767
-832708.97724
-832587.38780
-833035.26620
-832402.21515
-832466.07098
-832568.23485
-832522.38921
-832552.64175
-832563.84373
-832916.73738
-832697.35029
-833187.05467
-832906.36020
-833040.85524
-832694.97847
-832633.93407
-832800.12282
-832251.92350
-832518.49228
-832540.27091
-832594.83814
-832644.42848
-832585.45726
-833204.16280
-832567.18315
-832749.73600
-832841.17368
-832883.41714
-832686.64080
-832726.16383
-833086.92631
-832836.26872
-832517.71828
-832538.25291
-832378.36643
-833004.01232
-832508.64606
-832514.70088
-832240.15648
-832935.71772
-832715.07552
-832552.19402
-832775.20706
-832467.62798
-832693.41804
-832937.68156
-832846.76492
-832383.81969
-832834.87585
-832619.77722
-832933.65009
-833079.49222
-832393.09432
-832665.30462
-832694.26756
-833082.85711
-832608.45212
-831900.01437
-832749.93920
-832414.87221
-832925.21296
-832492.26718
-832827.20186
-832671.14017
-832803.27653
-832455.63127
-832878.56669
-832635.31189
-832549.05900
-832897.65430
-832552.06128
-832601.18979
-832586.23842
-832559.33533
-832747.18293
-832560.04293
-832952.76234
-832819.67887
-832684.85469
-832843.92377
-832767.79077
-832855.39823
-832611.26667
-832521.38108
-832697.38888
-832669.79100
-832874.02035
-832811.92724
-832686.11359
-832450.16980
-832453.56331
-832634.44799
-832768.43814
-832643.86611
-832958.78198
-832825.67474
-833053.80973
-832642.79220
-833106.96064
-832956.15490
-833231.07241
-833188.82597
-832647.81153
-833072.93748
-832504.82281
-833051.45898
-832876.65552
-833098.85347
-833035.63808
-832645.45343
-832883.61035
-832485.16776
-832846.88120
-833162.88504
-832868.25768
-832840.41847
-832764.84072
-832816.51012
-832585.07341
-832818.40762
-832953.84436
-833186.20151
-833195.07631
-833679.54086
-833215.57622
-833329.36892
-833083.90966
-832897.59151
-833313.19756
-833358.51039
-832856.36944
-833102.52027
-832919.00358
-833100.61940
-832762.83600
-833095.75834
-832900.23068
-832950.00261
-832920.54921
-832891.43938
-832851.75892
-832875.08670
-833194.27490
-833016.98352
-833168.02641
-833015.85432
-832912.78031
-832842.03422
-832883.95188
-833161.02140
-832905.97973
-832738.87939
-832886.28226
-832794.12220
-833024.96973
-832936.40189
-832934.63203
-832977.95155
-833070.19853
-833039.41521
-833236.65544
-832927.49203
-833023.00447
-833217.35567
-833502.47443
-833035.19907
-832840.85695
-832942.87682
-833254.54409
-832960.33376
-832973.83365
-832868.96986
-832558.33651
-833075.13297
-832691.52569
-832984.63297
-833082.14762
-833108.62765
-832864.24671
-832464.73755
-833042.75112
-832817.12894
-833308.25595
-832891.88508
-832682.79514
-832896.43447
-832959.22371
-832920.68058
-832737.52928
-832729.51678
-833250.86225
-833076.41811
-833206.77293
-832915.18049
-833177.02290
-832627.80630
-832681.64470
-832935.88176
-832744.99280
-832549.12551
-832894.70107
-832974.62912
-832677.73093
-832620.59386
-833098.70932
-832737.87012
-832900.69729
-832745.95418
-832803.06134
-832682.28617
-832326.48581
-832548.62902
-832484.64326
-832939.15249
-832835.86789
-832807.18909
-832752.02671
-832997.46459
-832539.23100
-833143.12020
-832725.75512
-832554.02901
-833074.60648
-832939.89946
-832794.60504
-832679.07015
-832878.27538
-832590.59400
-832898.54051
-832531.96542
-832884.71979
-832601.08676
-833068.17324
-832750.29722
-832786.89052
-832651.68960
-832116.18638
-832429.66988
-832857.39866
-832702.75620
-832593.79101
-832675.64913
-832563.91002
-832951.63646
-832755.98859
-832840.00404
-832755.41333
-833203.29054
-832629.13801
-832997.94279
-832910.18386
-832786.31477
-832711.80128
-832945.90465
-832956.92503
-832869.14712
-832666.04485
-832591.39056
-832453.71572
-833105.71708
-832496.15066
-832684.22056
-832814.17629
-832818.08224
-833021.09473
-832906.99658
-832420.78873
-832630.36067
-832680.53419
-832667.64852
-832873.88235
-832501.86683
-832796.86185
-832603.23199
-832763.18767
-832399.82916
-832591.99971
-832680.63901
-832618.46522
-832615.92132
-832828.73892
-833131.30420
-832661.33686
-833402.27705
-832880.75750
-832922.21351
-832866.45077
-832944.39703
-832874.36166
-832772.27356
-833066.64193
-832748.90589
-832639.81352
-832385.01035
-833038.15599
-832899.72984
-832676.64343
-832725.57297
-832367.65320
-833054.11820
-832856.82559
-833154.85336
-832975.65901
-832922.88033
-832989.30840
-833264.81308
-832451.42776
-832472.09528
-832998.92452
-832562.73060
-833191.40057
-832865.60766
-832955.93183
-833116.88263
-832740.00543
-832803.54476
-832739.16433
-833152.55661
-832331.70166
-832962.85671
-832806.31029
-833080.48866
-832718.95499
-832907.98422
-832716.98882
-833107.81668
-832937.99341
-833036.35497
-832891.44158
-832817.85879
-833041.83857
-832918.81537
-832544.75426
-833101.57775
-832574.44181
-832851.90251
-832699.14447
-832908.11343
-832870.44226
-832670.45727
-832634.43450
-833006.43203
-832994.27394
-832715.66607
-832478.16361
-833053.52426
-832487.14247
-832508.19894
-832538.14169
-832457.74834
-832836.56083
-833053.44348
-832989.85741
-832464.25974
-833059.17682
-832764.27584
-832984.16382
-832627.19539
-832480.85365
-832820.74648
-833049.14416
-832607.91000
-832710.13872
-832516.25375
-833011.55226
-833054.31078
-833313.70341
-832621.02077
-832897.03860
-832997.80518
-833031.54348
-832951.50260
-832834.73703
-832876.57496
-832915.66974
-832677.47116
-832626.21337
-832193.34011
-832734.51412
-832857.79916
-832978.81000
-833248.83014
-833053.84837
-832925.15045
-832816.25564
-833091.16021
-832765.32886
-833046.59387
-832971.96018
-832836.26364
-833123.25497
-832624.55813
-832671.01394
-833098.83119
-832879.42436
-833138.78359
-832855.48514
-832893.17360
-833098.30324
-832518.60921
-832752.18478
-832630.26111
-832873.34571
-832946.60555
-832938.66161
-832628.35691
-832940.24534
-832605.81445
-832523.13295
-832373.92237
-832331.69383
-832904.23059
-832753.57661
-832367.90878
-832481.33630
-832908.55855
-832868.14522
-832555.48436
-832596.38271
-832693.26327
-832937.89152
-832616.28987
-832665.31907
-832533.05550
-832308.92753
-832591.89885
-832945.94449
-832701.51334
-832611.11150
-832893.58961
-832769.44702
-832523.57921
-832526.43954
-832462.00101
-832828.52131
-832740.58807
-832717.01054
-833119.92649
-832956.12328
-832561.78774
-832851.85149
-832637.50762
-832678.65317
-832797.96085
-832666.34177
-832424.21096
-832693.08080
-833124.39749
-832816.24638
-832901.08864
-832758.78191
-833257.90729
-832795.03953
-833144.62307
-832825.63991
-832854.81532
-833095.67340
-832972.65963
-832946.67131
-832458.57793
-832665.49358
-833082.77121
-832903.24606
-833192.07821
-833233.18055
-833366.55965
-832899.34040
-832433.92974
-833460.47197
-832964.82272
-833194.09382
-833009.03235
-832796.17458
-832645.83618
-832935.12312
-833274.26646
-832838.51608
-832787.08031
-832927.07356
-832989.94626
-832937.46257
-833187.76654
-832746.21283
-832779.55435
-832997.92541
-833133.03360
-833039.89885
-832725.15521
-832762.80845
-832213.40942
-832830.37061
-832748.75928
-832663.03971
-833001.33234
-832955.14877
-832578.86496
-832725.66700
-833079.06345
-832677.71747
-832833.18087
-832859.28521
-832774.54217
-832712.86574
-832961.37246
-832625.29789
-832788.90112
-832936.16498
-832523.94967
-832604.46704
-832517.98153
-832805.00518
-832965.62983
-832782.84043
-832565.82896
-832997.23349
-832981.27470
-833092.28939
-832552.72132
-832961.97004
-832462.24194
-832828.81978
-832471.19073
-832781.03382
-832717.24777
-832552.06342
-832364.21119
-832511.73061
-832246.13833
-833092.42693
-832680.64111
-832544.13076
-832948.63632
-832854.66246
-832852.17812
-832714.76041
-833068.43552
-832794.36355
-832932.49416
-832292.75178
-832847.44899
-832658.90506
-832573.72819
-832694.45317
-833107.43214
-832715.15205
-832865.00755
-832769.24848
-832810.03205
-832858.11275
-832851.26938
-832859.15736
-832696.41920
-832947.73828
