0.99674
0.99674
0.99674
0.99674
0.99674
0.99674
0.99674
0.98950
0.98164
0.98575
0.99231
0.99738
0.99738
0.99738
0.99722
0.99722
0.99722
0.99579
0.99579
0.99579
0.99579
0.99579
0.99579
0.99579
0.99579
0.99625
0.99625
0.99625
0.99625
0.99625
0.99625
0.99268
0.99268
0.99497
0.98579
0.98579
0.98579
0.98579
0.98579
0.98579
0.98579
0.98579
0.98579
0.98579
0.99820
0.99820
0.99820
0.99911
0.99911
0.99911
0.99911
0.99911
0.99605
0.99869
0.99869
0.99869
0.99869
0.99869
0.99047
0.99047
0.99047
0.99047
0.99047
0.99788
0.99788
0.99788
0.99788
0.99788
0.99788
0.99788
0.99788
0.99788
0.99788
0.99788
0.99788
0.99788
0.99788
0.99788
0.99788
0.99788
0.99788
0.99788
0.99615
0.99615
0.99615
0.99615
0.99615
0.99615
0.99615
0.99615
0.99615
0.99615
0.99412
0.99412
0.99412
0.99412
0.99412
0.99412
0.99412
0.99412
0.98727
0.98727
0.99948
0.99948
0.99948
0.99948
0.99948
0.99948
0.99948
0.99948
0.99948
0.99569
0.99920
0.99920
0.99920
0.99920
0.99745
0.99745
0.99745
0.99745
0.99745
0.99745
0.99745
0.99881
0.99881
0.99881
0.99881
0.99881
0.99881
0.98547
0.98547
0.98547
0.98547
0.98547
0.98547
0.98547
0.98547
0.98547
0.98547
0.99251
0.99497
0.99497
0.99497
0.99815
0.99815
0.99815
0.99815
0.99815
0.99751
0.99751
0.99751
0.99751
0.99751
0.99751
0.99751
0.99751
0.99751
0.99751
0.99899
0.99899
0.99899
0.99899
0.99899
0.99899
0.99899
0.99899
0.99899
0.99899
0.99899
0.99899
0.99899
0.99899
0.99899
0.99899
0.99327
0.99033
0.99033
0.99892
0.99892
0.99892
0.99892
0.99892
0.99832
0.99832
0.99832
0.99832
0.99832
0.99743
0.99743
0.99743
0.99743
0.99743
0.99743
0.99743
0.99743
0.99743
0.99825
0.99825
0.99825
0.99825
0.99825
0.99825
0.99825
0.99825
0.99825
0.99825
0.99825
0.99825
0.99825
0.99825
0.99825
0.99825
0.99825
0.99825
0.99825
0.99825
0.99825
0.99825
0.99825
0.99825
0.99825
0.99825
0.99825
0.99825
0.99825
0.99825
0.99825
0.99825
0.99825
0.99547
0.99547
0.99547
0.99691
0.99691
0.99691
0.99783
0.99783
0.99783
0.99783
0.99783
0.98843
0.98843
0.98843
0.98843
0.98843
0.98843
0.98843
0.98843
0.98843
0.98843
0.98843
0.98943
0.98943
0.98943
0.98943
0.98943
0.98943
0.98943
0.98943
0.99055
0.99055
0.99913
0.99913
0.99913
0.99913
0.99913
0.99913
0.99913
0.98812
0.98812
0.99389
0.99389
0.99389
0.99672
0.99672
0.99673
0.99673
0.99225
0.99225
0.99225
0.99903
0.99903
0.99351
0.99364
0.99364
0.99364
0.99364
0.99364
0.99364
0.99364
0.99364
0.99364
0.99789
0.99728
0.99728
0.99728
0.99899
0.99899
0.99899
0.99899
0.99899
0.99899
0.99899
0.99899
0.99899
0.99899
0.99899
0.99899
0.99899
0.99431
0.99693
0.98608
0.99504
0.99504
0.99504
0.99504
0.99974
0.99974
0.99974
0.99598
0.99598
0.99720
0.99720
0.99720
0.99691
0.99691
0.99691
0.99691
0.99691
0.99691
0.99691
0.99691
0.99691
0.99691
0.99691
0.99691
0.99691
0.99691
0.99691
0.99691
0.99691
0.99691
0.99691
0.99691
0.99691
0.99691
0.99754
0.99754
0.99754
0.99754
0.99754
0.99754
0.99754
0.99578
0.99578
0.99578
0.99578
0.99903
0.99903
0.99903
0.99903
0.99903
0.99903
0.99903
0.99903
0.99903
0.99903
0.99903
0.99903
0.99903
0.99903
0.99903
0.99903
0.99903
0.99903
0.99903
0.99903
0.99909
0.99389
0.99389
0.99389
0.99389
0.99389
0.99389
0.99975
0.99975
0.99975
0.99975
0.99975
0.99975
0.99846
0.99846
0.99846
0.99846
0.99846
0.99846
0.99846
0.99846
0.99846
0.99846
0.99846
0.99846
0.99846
0.99846
0.98339
0.98339
0.98339
0.98339
0.98339
0.99980
0.99980
0.99980
0.99980
0.99771
0.99771
0.99771
0.99771
0.99771
0.99124
0.99124
0.99124
0.99124
0.99436
0.99436
0.99436
0.99436
0.99436
0.99436
0.98413
0.98413
0.98413
0.98413
0.98413
0.98413
0.98413
0.98878
0.98878
0.98878
0.98878
0.98878
0.98878
0.98878
0.98878
0.98878
0.98878
0.98878
0.98878
0.98878
0.98929
0.99879
0.99879
0.99879
0.99460
0.99460
0.99460
0.99460
0.99460
0.99460
0.99460
0.98302
0.98302
0.98302
0.98302
0.98302
0.99457
0.99457
0.99457
0.99457
0.99457
0.99457
0.99457
0.98844
0.98844
0.97863
0.97863
0.97863
0.98410
0.99620
0.99620
0.99620
0.99463
0.99463
0.99463
0.99463
0.99463
0.99278
0.99278
0.99278
0.99278
0.99486
0.99486
0.99486
0.99486
0.99486
0.99486
0.99486
0.99486
0.99486
0.99486
0.99486
0.99486
0.99486
0.99486
0.99486
0.98602
0.98602
0.98602
0.98602
0.98602
0.98602
0.98602
0.98602
0.99698
0.99698
0.98067
0.98067
0.99796
0.99796
0.99796
0.99796
0.99796
0.99796
0.99796
0.99796
0.99796
0.99796
0.99796
0.99796
0.99796
0.99796
0.99796
0.99796
0.99796
0.99796
0.99796
0.99796
0.99796
0.99796
0.99796
0.99796
0.99796
0.99796
0.99796
0.99796
0.99796
0.99882
0.99882
0.99253
0.99187
0.99187
0.99349
0.99349
0.99349
0.99584
0.99584
0.99584
0.99584
0.99301
0.99301
0.99285
0.99285
0.99285
0.99285
0.99285
0.99285
0.99285
0.99285
0.99285
0.99285
0.99285
0.99285
0.99285
0.99930
0.99930
0.99930
0.99930
0.99930
0.99930
0.99930
0.99791
0.99195
0.99195
0.98933
0.98933
0.98933
0.98933
0.98933
0.98933
0.98942
0.98942
0.98942
0.98942
0.98942
0.98942
0.98942
0.98942
0.98942
0.98942
0.98942
0.98942
0.98942
0.98942
0.98942
0.98942
0.98942
0.98942
0.98942
0.98942
0.98942
0.98942
0.98942
0.98942
0.98942
0.99440
0.99440
0.99440
0.99440
0.99440
0.99440
0.99440
0.99440
0.99705
0.99705
0.99977
0.99977
0.99977
0.99977
0.99977
0.99977
0.99977
0.99977
0.99977
0.99977
0.99977
0.99977
0.99977
0.99977
0.99977
0.99977
0.99977
0.99977
0.99408
0.97466
0.97466
0.97466
0.99079
0.99981
0.99981
0.99981
0.99981
0.99796
0.99796
0.99796
0.99796
0.99796
0.99796
0.99796
0.99796
0.99796
0.99796
0.99796
0.99796
0.99796
0.99796
0.99796
0.99796
0.99796
0.99796
0.99796
0.99796
0.99796
0.99951
0.99951
0.99951
0.99951
0.99951
0.99951
0.99942
0.99942
0.99942
0.99942
0.99942
0.99942
0.99942
0.99942
0.99942
0.99849
0.99849
0.99849
0.99757
0.99757
0.99757
0.99757
0.98726
0.98726
0.98859
0.98859
0.98859
0.98389
0.98389
0.98389
0.98833
0.98879
0.98879
0.98879
0.98879
0.98879
0.98879
0.98879
0.98879
0.98879
0.98879
0.98879
0.98879
0.99232
0.99232
0.99232
0.99835
0.99835
0.98571
0.98571
0.98571
0.98571
0.98571
0.98571
0.98571
0.98571
0.98571
0.98571
0.98571
0.98571
0.98571
0.98571
0.98571
0.98650
0.98650
0.98650
0.98650
0.98650
0.98650
0.98650
0.98650
0.98302
0.98302
0.98302
0.98302
0.98302
0.99517
0.99517
0.99514
0.99514
0.99514
0.99514
0.99514
0.99514
0.99514
0.99514
0.99766
0.99801
0.99801
0.99801
0.99801
0.99801
0.99801
0.99801
0.99801
0.98866
0.98866
0.98866
0.98866
0.98866
0.98866
0.98866
0.98866
0.99646
0.99646
0.99646
0.99646
0.99646
0.97656
0.98770
0.98926
0.98926
0.98926
0.98926
0.98926
0.98926
0.98926
0.98926
0.98926
0.98926
0.99577
0.99577
0.97705
0.98210
0.98210
0.98224
0.98224
0.99560
0.99560
0.99560
0.99560
0.99560
0.97502
0.95627
0.96477
0.96477
0.96267
0.96566
0.96566
0.99825
0.99825
0.99825
0.99825
0.99825
0.98538
0.98538
0.98102
0.98155
0.98155
0.98155
0.98155
0.99709
0.99136
0.99136
0.99136
0.99136
0.98836
0.98836
0.99735
0.99735
0.99104
0.99104
0.99104
0.99127
0.99127
0.99127
0.99127
0.99127
0.99127
0.99127
0.96665
0.96665
0.96665
0.96665
0.99009
0.99009
0.99009
0.99009
0.99009
0.99009
0.99009
0.99887
0.99887
0.98779
0.98779
0.98779
0.98779
0.98779
0.98830
0.98830
0.98830
0.99611
0.99611
0.99611
0.99611
0.99897
0.99897
0.99973
0.99934
0.99934
0.98968
0.98968
0.98968
0.98968
0.98964
0.98964
0.99781
0.98336
0.98336
0.98336
0.98336
0.98336
0.99085
0.99085
0.99085
0.99983
0.99983
0.99983
0.99983
0.99983
0.99983
0.99983
0.99983
0.99983
0.99983
0.99770
0.99770
0.98739
0.98739
0.98187
0.97744
0.97744
0.97744
0.98012
0.98012
0.99000
0.99000
0.99000
0.99000
0.99000
0.99000
0.99000
0.99000
0.98136
0.98136
0.98136
0.98094
0.97868
0.97868
0.97868
0.97868
0.99727
0.99727
0.99727
0.98963
0.98963
0.98963
0.99825
0.99613
0.99613
0.99613
0.99613
0.99613
0.99613
0.98572
0.98572
0.98572
0.98572
0.98572
0.98572
0.98572
0.99274
0.99274
0.99274
0.99274
0.99415
0.98338
0.98338
0.98338
0.98338
0.98338
0.98338
0.99478
0.99347
0.99347
0.98470
0.97961
0.98795
0.98795
0.98795
0.98795
0.98795
0.98795
0.98795
0.98795
0.98795
0.98795
0.98795
0.98795
0.98795
0.98795
0.98795
0.99433
0.99433
0.99433
0.98346
0.99120
0.99120
0.99120
0.99008
0.99008
0.97102
0.97102
0.99738
0.97765
0.97765
0.97765
0.97765
0.97023
0.97023
0.99274
0.99274
0.99274
0.99274
0.99274
0.99274
0.99274
0.99274
0.99274
0.99746
0.99746
0.99746
0.99746
0.99178
0.99178
0.99178
0.99178
0.99473
0.99046
0.99046
0.99046
0.99046
0.99046
0.99046
0.99880
0.99880
0.99880
0.99880
0.99647
0.99647
0.99647
0.99647
0.99647
0.99647
0.99647
0.99233
0.99233
0.99233
0.99233
0.99233
0.99233
0.99233
0.98526
0.98526
0.99822
0.99822
0.99822
0.99822
0.99822
0.99822
0.99822
0.99822
0.99822
0.99822
0.99822
0.99822
0.99822
0.98802
0.98802
0.99749
0.99658
0.97354
0.97354
0.97354
0.97354
0.97354
0.98225
0.98225
0.98225
0.99099
0.99099
0.99099
0.99099
0.98659
0.98659
0.99615
0.99615
0.98388
0.98388
0.98388
0.98388
0.97807
0.97807
0.97807
0.97807
0.97807
0.97807
0.97807
0.97807
0.97807
0.98911
0.98911
0.98911
0.98911
0.98911
0.98600
0.98600
0.97881
0.98496
0.98496
0.98496
0.98408
0.99204
0.99204
0.99204
0.96531
0.96531
0.96531
0.98403
0.98403
0.98403
0.98089
0.98089
0.94491
0.98712
0.99527
0.97542
0.99093
0.95229
0.99160
0.93796
0.93796
0.96809
0.96597
0.97324
0.97324
0.97324
0.97663
0.97663
0.99072
0.99072
0.98790
0.98790
0.98251
0.98251
0.98251
0.98251
0.95741
0.95741
0.95741
0.95313
0.95313
0.95313
0.99185
0.97921
0.97921
0.97557
0.98264
0.98264
0.98264
0.98264
0.97820
0.97820
0.97820
0.99300
0.99300
0.99300
0.99300
0.98414
0.98414
0.98414
0.96444
0.96444
0.98484
0.98484
0.98484
0.96831
0.97186
0.99314
0.95883
0.95883
0.97876
0.94900
0.95933
0.97880
0.96110
0.96110
0.96909
0.96909
0.97768
0.96335
0.99084
0.99084
0.98047
0.97343
0.97343
0.97343
0.94137
0.94658
0.97695
0.97695
0.96805
0.96805
0.96805
0.96805
0.94614
0.94614
0.97731
0.96721
0.96721
0.96721
0.99109
0.98301
0.99877
0.97878
0.99563
0.99563
0.99011
0.99011
0.97767
0.97767
0.97767
0.97767
0.97767
0.97767
0.95365
0.95365
0.97697
0.97697
0.98999
0.98999
0.98999
0.95155
0.98925
0.98425
0.98425
0.95543
0.95543
0.98729
0.98729
0.98729
0.99334
0.99334
0.97660
0.96744
0.96744
0.96744
0.96744
0.96744
0.94765
0.96852
0.98125
0.98206
0.98348
0.97310
0.97310
0.98333
0.98914
0.97621
0.97621
0.95567
0.97016
0.97016
0.97016
0.98490
0.97805
0.97805
0.97805
0.97805
0.97805
0.97955
0.97066
0.99295
0.99295
0.99295
0.99295
0.99295
0.99295
0.97115
0.97115
0.97953
0.97953
0.97953
0.97953
0.97953
0.99778
0.99778
0.99292
0.98900
0.98900
0.98900
0.98900
0.98900
0.98900
0.98900
0.98900
0.98900
0.98900
0.97677
0.98381
0.98381
0.99956
0.99956
0.99956
0.99956
0.99956
0.99956
0.98512
0.99020
0.99020
0.99269
0.99858
0.99858
0.99858
0.99517
0.99517
0.99517
0.99517
0.99517
0.99517
0.98498
0.98498
0.98798
0.98798
0.99453
0.97640
0.97872
0.97872
0.99217
0.99217
0.99217
0.99410
0.99410
0.99410
0.99410
0.97845
0.97845
0.98120
0.98276
0.99416
0.99416
0.98239
0.99917
0.99917
0.99917
0.99845
0.97850
0.97431
0.97431
0.96748
0.99291
0.99291
0.99291
0.99291
0.98878
0.97958
0.98011
0.99386
0.97932
0.98668
0.99191
0.99191
0.98487
0.98487
0.98487
0.98487
0.99676
0.99676
0.99676
0.99073
0.99073
0.99869
0.99869
0.99637
0.98983
0.98325
0.98325
0.98325
0.98325
0.98325
0.98325
0.98325
0.98325
0.98286
0.98114
0.99217
0.99997
0.99997
0.98921
0.99461
0.97757
0.97194
0.97450
0.97450
0.97557
0.97557
0.97557
0.98346
0.98346
0.98510
0.98632
0.99760
0.99760
0.99760
0.99760
0.97905
0.98729
0.98037
0.98577
0.98481
0.98481
0.98481
0.98481
0.98481
0.98481
0.98481
0.98481
0.98481
0.99688
0.99390
0.99390
0.99390
0.99390
0.99944
0.99339
0.99339
0.99339
0.99339
0.99339
0.99339
0.99339
0.99339
0.99339
0.99339
0.99339
0.99339
0.99339
0.99339
0.99339
0.99339
0.99339
0.99339
0.99339
0.99339
0.99339
0.99339
0.99339
0.99339
0.99339
0.99339
0.99339
0.99339
0.99429
0.99199
0.99199
0.99199
0.99530
0.99528
0.99528
0.99528
0.99754
0.99754
0.99754
0.98634
0.99768
0.99768
0.99768
0.99768
0.99768
0.98506
0.98506
0.98416
0.98416
0.98416
0.99624
0.98524
0.98524
0.98568
0.98826
0.99759
0.99096
0.98637
0.98637
0.98637
0.97566
0.99881
0.97652
0.97652
0.97652
0.97652
0.99863
0.99863
0.99863
0.99347
0.99347
0.99347
0.99437
0.99437
0.99437
0.99437
0.99437
0.99437
0.99437
0.98072
0.98072
0.98072
0.98016
0.98016
0.98016
0.99437
0.97538
0.99824
0.99824
0.99824
0.99824
0.99824
0.99824
0.99824
0.99824
0.99824
0.99824
0.99824
0.99168
0.99168
0.99168
0.99168
0.99168
0.99168
0.99168
0.99168
0.99168
0.98954
0.98954
0.98954
0.98954
0.98954
0.99089
0.98950
0.98950
0.98950
0.98950
0.98950
0.98950
0.99952
0.99952
0.99952
0.98779
0.98779
0.98779
0.98779
0.99632
0.98906
0.99900
0.99900
0.99900
0.99900
0.99900
0.99900
0.99556
0.99556
0.99556
0.99556
0.99556
0.99556
0.99556
0.99556
0.99556
0.99556
0.99556
0.99556
0.99556
0.99556
0.99556
0.99556
0.99556
0.99556
0.99556
0.99556
0.99556
0.99691
0.99691
0.99691
0.99926
0.99926
0.99926
0.99926
0.99926
0.99926
0.99012
0.99012
0.99012
0.99237
0.99173
0.99173
0.99240
0.99240
0.99240
0.99240
0.99240
0.99240
0.99240
0.99240
0.99240
0.99240
0.99240
0.99240
0.99240
0.99240
0.99240
0.99240
0.99240
0.99240
0.98231
0.98231
0.98231
0.97990
0.98647
0.98647
0.98647
0.99273
0.99273
0.99273
0.99273
0.99364
0.99965
0.99965
0.99774
0.99774
0.99774
0.99774
0.99774
0.99774
0.99630
0.99630
0.99630
0.99630
0.99053
0.99053
0.99053
0.99053
0.99053
0.99053
0.99811
0.99811
0.99811
0.99811
0.99811
0.99811
0.99811
0.99811
0.99811
0.99811
0.99239
0.99239
0.99239
0.99239
0.99239
0.99239
0.99239
0.99239
0.99239
0.99239
0.99239
0.99239
0.99443
0.99443
0.99378
0.99378
0.99378
0.99378
0.99378
0.99509
0.98841
0.99585
0.99585
0.99585
0.99585
0.98895
0.99219
0.99219
0.99219
0.99219
0.99219
0.97249
0.98265
0.99795
0.99795
0.99795
0.99795
0.99562
0.99562
0.99691
0.99691
0.98888
0.98888
0.98888
0.98888
0.97840
0.97840
0.97840
0.97840
0.98249
0.99797
0.99797
0.99797
0.99797
0.99797
0.99797
0.99797
0.99797
0.99797
0.99797
0.99797
0.99797
0.99797
0.99797
0.99797
0.99797
0.99797
0.99797
0.99797
0.99797
0.99797
0.99513
0.99513
0.99753
0.99545
0.99545
0.98732
0.98732
0.98732
0.98732
0.98732
0.98732
0.99706
0.99706
0.99706
0.99706
0.99706
0.99706
0.99706
0.99706
0.99706
0.99706
0.99706
0.99706
0.99706
0.99706
0.99358
0.99358
0.99358
0.99358
0.98910
0.98491
0.98491
0.98491
0.98491
0.98491
0.98491
0.98491
0.99856
0.99968
0.99968
0.99968
0.99968
0.99968
0.99968
0.99968
0.99968
0.99577
0.99577
0.99897
0.99897
0.99897
0.99367
0.99367
0.99367
0.99063
0.99189
0.99189
0.98378
0.99060
0.99060
0.99060
0.99060
0.99060
0.99060
0.99060
0.99060
0.99060
0.99060
0.99317
0.99317
0.99317
0.99317
0.99317
0.99317
0.99317
0.99317
0.99317
0.99317
0.99317
0.99596
0.99596
0.99596
0.99596
0.99596
0.99596
0.99596
0.99548
0.99548
0.98578
0.99816
0.99816
0.99816
0.99816
0.98580
0.98580
0.98580
0.98580
0.98580
0.98580
0.98580
0.98580
0.98617
0.98617
0.98617
0.98617
0.98617
0.98617
0.98617
0.99425
0.98211
0.98842
0.98842
0.98842
0.98842
0.99249
0.99534
0.99731
0.99731
0.99731
0.99867
0.99867
0.99867
0.99867
0.99867
0.99867
0.99867
0.99867
0.99867
0.99867
0.99867
0.99836
0.99836
0.99361
0.99361
0.99361
0.99361
0.99361
0.99361
0.99361
0.99939
0.98706
0.99571
0.99113
0.99113
0.99113
0.99593
0.99593
0.99908
0.99908
0.99908
0.99908
0.99908
0.99908
0.99908
0.99908
0.99908
0.99908
0.99908
0.99908
0.99908
0.99408
0.99408
0.98697
0.98697
0.98819
0.98819
0.98819
0.98819
0.98819
0.98819
0.98358
0.98358
0.98358
0.99889
0.99889
0.99889
0.99889
0.99889
0.99889
0.99074
0.99074
0.99675
0.99675
0.99675
0.99823
0.99973
0.99973
0.99973
0.97376
0.97376
0.97376
0.98606
0.98606
0.99766
0.99766
0.99766
0.99766
0.99766
0.99766
0.99686
0.99686
0.99686
0.99686
0.99686
0.99861
0.99861
0.99861
0.96924
0.96924
0.96437
0.97605
0.97271
0.97271
0.97448
0.97448
0.97448
0.97192
0.97192
0.99499
0.98198
0.98198
0.98198
0.98198
0.98198
0.98198
0.98198
0.97894
0.97376
0.97931
0.99969
0.99969
0.99969
0.99969
0.99969
0.99969
0.99759
0.99759
0.99759
0.99759
0.98786
0.99636
0.99151
0.99151
0.99151
0.98899
0.98899
0.98899
0.98899
0.98899
0.98899
0.98406
0.98177
0.98894
0.98894
0.98894
0.98894
0.99816
0.99816
0.97635
0.97635
0.97635
0.96449
0.96449
0.95321
0.97437
0.97157
0.97157
0.98345
0.98345
0.98345
0.96504
0.99372
0.99025
0.99025
0.99851
0.99075
0.99075
0.99075
0.99075
0.97083
0.98278
0.98278
0.99271
0.98060
0.99786
0.99786
0.97403
0.97403
0.98133
0.98133
0.98133
0.98201
0.98631
0.98631
0.99381
0.99381
0.96342
0.96342
0.96342
0.99694
0.99694
0.97320
0.96396
0.97924
0.99308
0.99308
0.99852
0.99852
0.99852
0.99852
0.97418
0.97916
0.97916
0.97916
0.97517
0.97517
0.99828
0.97537
0.99103
0.99103
0.99103
0.97743
0.97679
0.97679
0.99384
0.99384
0.99384
0.99384
0.99384
0.99384
0.99384
0.98361
0.98361
0.98361
0.98361
0.99316
0.99316
0.98222
0.98222
0.98222
0.98222
0.98222
0.98222
0.98222
0.99306
0.97649
0.99399
0.98214
0.98214
0.98214
0.98214
0.97923
0.98176
0.98176
0.98176
0.98231
0.98231
0.98231
0.98231
0.98231
0.98231
0.98231
0.98231
0.98231
0.96500
0.96500
0.96500
0.96500
0.96500
0.97419
0.97680
0.97680
0.97680
0.98762
0.99238
0.99238
0.99011
0.99011
0.99336
0.99336
0.99336
0.99336
0.98683
0.98683
0.98683
0.98683
0.97867
0.97867
0.98513
0.99789
0.99789
0.99789
0.99789
0.98126
0.98126
0.98126
0.98799
0.98799
0.98799
0.98799
0.98799
0.98485
0.98485
0.96893
0.98295
0.98295
0.98295
0.99479
0.99479
0.97294
0.98575
0.97972
0.97972
0.96079
0.97953
0.97953
0.96810
0.96810
0.98960
0.98532
0.98532
0.98532
0.97642
0.97324
0.96567
0.95916
0.96040
0.97665
0.97665
0.95108
0.99670
0.97468
0.97468
0.95702
0.97630
0.98747
0.98747
0.94257
0.95244
0.96451
0.96602
0.97134
0.99157
0.99157
0.99157
0.99157
0.99115
0.97874
0.97874
0.97874
0.99014
0.99014
0.98338
0.98338
0.98186
0.98186
0.98186
0.98186
0.98477
0.98477
0.98477
0.99627
0.98264
0.98264
0.98404
0.98404
0.98404
0.98404
0.98404
0.98404
0.98404
0.98404
0.98404
0.99699
0.99948
0.99148
0.99148
0.99148
0.99148
0.97969
0.97344
0.98367
0.98367
0.97541
0.97541
0.97541
0.97541
0.97541
0.98080
0.98080
0.98080
0.97514
0.97848
0.97848
0.97848
0.99133
0.99563
0.99563
0.99563
0.99563
0.99563
0.99563
0.99563
0.99782
0.99933
0.99933
0.99933
0.99933
0.99933
0.99933
0.99933
0.99933
0.99933
0.99933
0.99933
0.99933
0.99933
0.99589
0.99589
0.99589
0.99589
0.99589
0.97424
0.97492
0.97492
0.99335
0.99335
0.99337
0.98839
0.99909
0.99909
0.99909
0.99739
0.99739
0.99739
0.99739
0.99739
0.99739
0.99739
0.99739
0.99739
0.98780
0.98780
0.97859
0.98847
0.96566
0.99487
0.99487
0.99487
0.99487
0.99647
0.99782
0.99782
0.99803
0.99803
0.99803
0.99451
0.98352
0.98352
0.99995
0.99995
0.99995
0.99995
0.97955
0.97955
0.97955
0.97930
0.97930
0.97930
0.97930
0.99830
0.99830
0.99830
0.99830
0.99830
0.99460
0.99460
0.99018
0.99018
0.99018
0.99409
0.99409
0.99409
0.99409
0.99822
0.99822
0.99822
0.99822
0.99822
0.98953
0.98953
0.98953
0.98953
0.98953
0.98953
0.99088
0.99597
0.99597
0.99597
0.99597
0.98153
0.99773
0.99773
0.97834
0.97834
0.97834
0.98542
0.98542
0.98542
0.98542
0.99969
0.99969
0.99969
0.97587
0.97587
0.98944
0.98944
0.98944
0.98944
0.99599
0.99323
0.99323
0.99323
0.98787
0.98787
0.98787
0.98539
0.98539
0.99908
0.99271
0.99271
0.99271
0.99271
0.99271
0.99271
0.99271
0.99271
0.99271
0.99271
0.99271
0.99271
0.99271
0.99859
0.98675
0.97242
0.97242
0.97242
0.97242
0.99700
0.99700
0.99223
0.99951
0.99951
0.99951
0.99951
0.99951
0.99951
0.99951
0.99951
0.99951
0.99951
0.99951
0.99951
0.99951
0.99951
0.99798
0.99161
0.98996
0.98996
0.98996
0.98996
0.98996
0.98094
0.99103
0.99062
0.99062
0.99062
0.99062
0.99062
0.99062
0.99062
0.99062
0.99062
0.99062
0.99062
0.99062
0.99273
0.99413
0.99413
0.99413
0.99508
0.99508
0.99508
0.99508
0.99508
0.99664
0.99664
0.99664
0.99664
0.99664
0.99664
0.99664
0.99664
0.99027
0.99027
0.99027
0.99027
0.99027
0.99742
0.98801
0.98801
0.98801
0.97913
0.98106
0.98106
0.98106
0.98106
0.98106
0.98106
0.98106
0.98106
0.98106
0.98106
0.98106
0.97914
0.98893
0.98591
0.98591
0.98591
0.98591
0.98827
0.98827
0.99575
0.99575
0.99575
0.99575
0.99575
0.98077
0.97451
0.97451
0.97526
0.98215
0.98215
0.95783
0.99623
0.99623
0.99623
0.99623
0.99623
0.99526
0.99526
0.99526
0.99526
0.99154
0.99468
0.99468
0.99468
0.99468
0.99468
0.99468
0.99468
0.99468
0.98315
0.99176
0.99176
0.98097
0.98097
0.98097
0.98097
0.98097
0.98097
0.97327
0.99199
0.99199
0.99199
0.99422
0.99422
0.99475
0.98257
0.98257
0.98890
0.98890
0.98890
0.98890
0.99248
0.99248
0.98291
0.98291
0.98291
0.98291
0.97083
0.97083
0.94489
0.98103
0.98103
0.98103
