-832487.91242
-832041.91662
-831749.93602
-832391.40115
-831946.41330
-831880.87787
-831886.95382
-831971.20917
-831988.64779
-831987.92844
-832012.32663
-831978.94669
-832333.12114
-832470.70212
-831742.13966
-831896.27481
-831747.40399
-831894.38228
-832019.80166
-831749.84627
-832017.29341
-832222.43021
-831823.83881
-831597.09268
-831709.24944
-831803.85728
-831781.21193
-831424.78611
-831708.40681
-831874.65457
-831607.48438
-831887.74023
-831694.90027
-831833.28631
-831897.70253
-831754.57244
-831818.46209
-831707.66998
-832065.91706
-831660.21853
-831743.56413
-831439.78898
-831991.05109
-831746.88195
-831706.88698
-831817.79596
-831966.08232
-831659.25287
-831837.08731
-831849.48420
-831616.34609
-831822.28703
-831545.08537
-831832.67536
-832198.97946
-832002.72392
-831620.69054
-831431.10881
-832123.50933
-831715.68884
-831660.87534
-831847.40641
-831515.39772
-831881.18296
-831839.20522
-831777.60813
-831674.34268
-831841.70035
-831631.48102
-831706.74034
-831917.29609
-831317.43827
-831705.52538
-831473.66353
-832025.42152
-831966.73561
-832077.88454
-832035.21804
-832317.36239
-831729.56254
-831952.77892
-832071.33768
-832072.32404
-832062.36599
-832037.52122
-832048.07276
-832476.04009
-832147.80057
-832366.80261
-832225.24442
-831760.39323
-831711.26288
-831972.76331
-831919.34603
-831761.86703
-831882.01078
-832288.24288
-831866.96158
-832132.77703
-831736.45816
-831681.74037
-832276.28891
-831990.07526
-831432.91272
-832265.82853
-832061.59094
-832156.60045
-831702.23563
-832051.75933
-831519.27725
-831998.02642
-831888.24131
-831596.06046
-832024.13188
-831432.21720
-831960.19753
-831703.46255
-832255.84252
-831736.14870
-832116.10089
-831584.67840
-831826.14769
-832202.76563
-831494.61970
-832095.72257
-831723.15413
-831578.06456
-831570.43563
-831518.21072
-831618.73728
-832045.64969
-831737.87994
-831815.77434
-831754.15802
-831836.14550
-831785.49824
-831732.57836
-831941.01889
-831502.91203
-831865.77965
-831550.84736
-831638.42487
-832175.09577
-832009.48622
-831821.53282
-831524.91882
-831868.24700
-832300.70258
-832236.21797
-831890.15482
-831687.44962
-832208.62640
-832042.31034
-831859.68890
-831889.04350
-832265.40920
-831767.14874
-831877.00526
-832042.48647
-831717.09815
-831510.79348
-832034.94147
-831818.35200
-832147.74073
-831972.83422
-831890.85041
-832116.64935
-831783.78402
-831475.68215
-831858.71692
-832041.62271
-832179.23905
-832075.05572
-832058.21870
-831918.22691
-832234.43480
-831643.45371
-832391.25645
-831769.51431
-831925.12338
-831932.31744
-832177.47833
-832120.49474
-832044.92933
-831557.25664
-831704.72594
-832109.18061
-831661.94823
-832038.62364
-831851.53336
-832066.59501
-832087.41038
-831668.88965
-831637.73137
-831952.13931
-832401.51831
-831919.59545
-831996.23128
-831659.75734
-831885.59820
-832144.18676
-832175.64181
-831890.55398
-832048.55950
-831950.71897
-831726.68557
-832076.89715
-832097.04537
-831812.53815
-831712.72056
-832071.82664
-831894.12326
-831580.30135
-832157.81682
-832016.61155
-831926.99377
-831768.41244
-832518.54735
-831974.06047
-832011.60191
-831685.70258
-832053.64072
-831933.38825
-831831.95017
-831856.04739
-831908.68169
-832217.70724
-832350.74148
-831994.01987
-831903.68525
-832459.28592
-832175.69542
-832169.16547
-832247.70121
-831857.67606
-831923.93983
-832052.50487
-832096.34549
-831502.91613
-832357.65738
-832023.70538
-831951.08422
-832031.11626
-832242.21738
-832009.41837
-832123.09747
-832166.32207
-832144.86281
-832288.13997
-831782.49812
-832077.84349
-832574.79502
-832084.07656
-832158.55393
-832306.94980
-832184.00420
-832028.51497
-831901.05644
-832359.21581
-831774.03644
-832120.24071
-832065.43506
-831858.98619
-832394.01949
-832228.31378
-832422.44735
-832412.24599
-832135.73185
-831680.43455
-831821.40211
-832035.54294
-831830.65251
-832458.95288
-832414.31456
-832579.24312
-832139.53157
-832584.41793
-832133.13880
-832092.18996
-832108.88474
-832651.41833
-832468.04981
-832716.23618
-832125.98600
-832116.10855
-832229.12576
-832082.04833
-832600.31246
-832611.16212
-832201.97763
-832461.63541
-832445.30773
-831941.92319
-832328.21858
-832194.12514
-831949.88403
-832187.02068
-832257.32944
-832007.16146
-832342.50364
-832063.20493
-832136.40139
-832283.22729
-832465.49829
-832203.90127
-831657.04638
-832330.21786
-831998.67353
-832137.40666
-832316.05964
-832532.72209
-832793.62308
-832308.83824
-832143.46268
-832528.07017
-832238.80448
-831865.46365
-832073.94317
-832603.65598
-832378.24319
-832108.83385
-831827.27974
-832314.68765
-832732.77816
-832516.18718
-832547.70854
-832673.90795
-832124.78747
-831978.11113
-832572.47978
-832366.83991
-831883.82965
-832736.02632
-832710.43642
-831980.40699
-832423.21549
-832554.60689
-832522.07280
-832716.02690
-832273.05663
-832575.59674
-832257.91297
-832348.06915
-832294.91688
-832404.47777
-832332.46647
-832203.75807
-832543.01892
-832511.82644
-832426.65543
-832660.42727
-832386.92318
-832229.75320
-832522.68941
-832326.92033
-832326.64596
-832270.89999
-832379.44491
-832448.34908
-832562.93184
-832855.57290
-832647.36936
-832301.59445
-832146.10073
-831923.19368
-832416.63330
-832546.64168
-832699.51738
-832566.26291
-832624.42002
-832358.02279
-832389.62935
-832682.05453
-832404.02673
-832489.18106
-832365.62046
-832487.78531
-832277.53135
-832295.61527
-832630.08609
-832386.87377
-831973.19185
-831983.77127
-832139.21393
-832050.56792
-832393.57571
-832440.79648
-832362.69042
-832452.12065
-831815.65992
-832319.75747
-832481.88758
-832332.65879
-832818.92643
-832578.95139
-832751.62986
-832272.80894
-832654.47449
-832202.02116
-832575.94724
-832683.05894
-832684.54686
-831982.58919
-832402.09654
-832485.87373
-832315.62012
-832514.20036
-832422.39192
-832515.47366
-832328.73505
-832339.11735
-832760.88932
-832172.48127
-832587.08838
-833063.59301
-832476.44185
-832703.13212
-832417.33149
-832480.51797
-832521.46417
-832674.16276
-832512.61591
-832301.02229
-832529.47853
-832204.80539
-832571.49849
-832864.42963
-832717.57916
-832391.24528
-832969.98676
-832855.27999
-832705.03061
-832661.34209
-832575.65092
-832885.58652
-832581.09129
-832622.59949
-832776.82758
-832366.45990
-832384.61096
-832490.96674
-832351.94531
-832434.71438
-832623.21501
-832556.38125
-832439.60475
-832579.11513
-832246.49223
-832462.63654
-832408.22051
-832222.52023
-832327.18803
-832361.19997
-832104.94037
-832425.59263
-832486.64577
-832346.81283
-832059.74437
-832102.51234
-831977.18576
-832282.77201
-832241.10884
-831972.66871
-832408.39703
-831769.96821
-832018.53682
-831987.86752
-832215.26834
-832421.37220
-832387.56899
-832187.66335
-831827.01162
-831984.37631
-832274.82066
-832372.37225
-832169.37870
-832357.38593
-831957.63354
-832194.97994
-831824.70057
-832577.97902
-832324.63078
-832146.15387
-832594.56421
-832277.70880
-832215.10332
-832079.04245
-832162.65693
-831896.03386
-831666.69733
-832130.65135
-831884.41998
-832391.96819
-832256.00499
-832530.86107
-832198.78093
-831972.18971
-831898.21190
-832291.17905
-832205.18254
-832309.30212
-832119.80337
-832612.65445
-832007.72277
-832467.09163
-832123.37075
-832113.93430
-832149.51811
-832443.49640
-832165.42556
-832253.90532
-832319.59129
-832186.77342
-832071.52730
-832269.86769
-832646.09058
-832611.88237
-832076.60860
-832286.64659
-831994.69176
-832234.85236
-832177.51900
-832286.99849
-832150.30835
-832191.08267
-832309.40106
-832449.78897
-832001.84472
-831766.63190
-831794.15345
-832185.76073
-832124.42344
-832528.30339
-832143.37318
-831714.00282
-832150.01497
-831819.52897
-832419.25903
-832295.93652
-832178.04821
-832491.23917
-832621.75950
-832342.48553
-832009.80526
-832354.65197
-832536.62582
-832415.10643
-832404.36040
-832504.41723
-832339.48927
-832462.14572
-832354.09422
-832368.31957
-832297.20315
-832751.25067
-831691.95859
-832359.86993
-832612.02698
-832599.64660
-832405.95007
-832039.46805
-832142.96567
-832533.66110
-832489.12083
-832033.11002
-832240.57182
-832314.53816
-832560.61933
-832363.51539
-831969.60092
-832472.77604
-832145.99674
-832518.39501
-832471.83270
-832245.43749
-832122.83878
-832784.98166
-832331.43392
-832619.16812
-832277.68169
-832061.97787
-832521.37119
-832422.00854
-832284.33922
-831837.12421
-832381.33959
-832366.29587
-832625.69279
-832141.87673
-832662.73281
-832330.21477
-832623.59573
-832734.77985
-832494.84449
-832277.41384
-832386.57911
-832172.33260
-832539.79597
-832277.46599
-832512.14744
-832452.20139
-832574.70576
-832182.91978
-832439.67134
-832726.44706
-832125.22138
-832501.40419
-832050.71945
-832265.86107
-832365.99597
-831816.35338
-832447.74300
-832533.51524
-832321.67569
-832340.85115
-832808.33233
-832202.56294
-831846.78082
-832381.73861
-832024.90393
-832132.01920
-831989.29988
-831919.65034
-832228.43360
-831944.77283
-832277.74332
-832181.06896
-832324.09965
-831850.75981
-832264.72640
-832442.53785
-832438.88707
-832260.96084
-832190.74471
-832288.15891
-832507.81322
-832239.08147
-831928.54888
-831881.94329
-832223.44865
-832350.00537
-832026.53187
-832212.58293
-832420.85216
-832136.38171
-832153.90916
-832326.26985
-832119.20743
-832615.29393
-831825.52965
-832199.88539
-832108.63307
-832161.93837
-832231.72678
-831992.59255
-832265.03482
-832176.15526
-832109.95230
-832259.45995
-832062.41522
-832560.34493
-832638.99703
-831909.91531
-832153.39406
-832139.89648
-832487.12151
-832332.91448
-832395.87493
-832242.65059
-831987.93784
-832326.37402
-832368.42512
-832365.68438
-832384.81570
-832183.40943
-832131.71485
-832346.57752
-832095.82656
-832312.83191
-832215.53180
-831849.34987
-832096.82002
-832391.60290
-832061.57528
-832590.84444
-832258.94631
-832624.17724
-832507.04240
-832601.81272
-832370.64878
-832437.49052
-832569.26190
-832277.31479
-832096.51760
-832179.53713
-832160.62591
-832488.89899
-832609.97228
-832158.29541
-832331.94358
-832395.15458
-832885.19532
-832277.39765
-832916.84812
-832222.04594
-832607.99792
-832358.18967
-832364.04630
-832659.35246
-832099.99897
-832800.71980
-832563.95264
-832456.93644
-832297.33019
-832569.13264
-832739.82180
-832643.30196
-832568.41339
-832390.23411
-832671.52545
-832535.33169
-832632.94446
-832540.63536
-832564.90990
-832874.98636
-832815.53658
-832848.01671
-833456.33880
-832837.83146
-832584.27763
-833021.69144
-832669.23506
-832681.93503
-832847.07782
-832798.04017
-833066.42975
-832437.09415
-832574.10781
-832880.09262
-832279.76463
-832723.16906
-832704.81388
-833145.79453
-832608.62840
-832621.54985
-832853.81247
-832949.29318
-832853.76023
-832584.83771
-832609.66395
-832772.95950
-832861.10362
-832990.65528
-832852.98310
-832293.86707
-832661.46949
-833006.69462
-832809.02930
-832896.47901
-832846.67145
-832672.97868
-832484.64230
-832890.16934
-832638.62488
-832972.80599
-832839.99709
-832369.33091
-833028.24011
-832478.18672
-832728.11454
-832788.23995
-832921.17234
-832512.29813
-832742.44649
-832923.49174
-832840.92198
-833132.86131
-832576.97390
-832928.43016
-832414.56019
-832683.88013
-832714.28515
-832902.21612
-832480.78448
-832714.32492
-832969.77562
-832683.36875
-832746.93756
-832634.25997
-832997.27765
-832839.39335
-832477.20678
-832851.58351
-832997.51816
-832919.61702
-832814.70510
-832673.24150
-832606.11274
-832579.83973
-832808.28827
-832310.75937
-832702.44597
-832931.76906
-832753.44560
-832708.52678
-832692.72505
-832601.49304
-833036.94848
-832690.72180
-832648.09100
-832777.77049
-832949.20407
-832813.64150
-832522.73739
-833008.57996
-832614.26533
-832809.62718
-832784.16629
-832549.46870
-832375.65858
-832919.52239
-833127.75587
-833006.03401
-832594.27630
-832319.60308
-832558.80532
-832837.39005
-832396.60657
-833067.71243
-832327.81636
-833108.81622
-832587.29920
-832697.71142
-832561.52390
-832471.38219
-832650.76252
-832319.28000
-832665.64585
-832399.67141
-832463.97488
-832432.15689
-832720.63041
-832757.12561
-832661.22760
-832875.71970
-832707.97180
-832752.06100
-832708.05000
-832670.35366
-832145.49155
-832806.68526
-832557.39880
-832792.89938
-832550.36325
-832495.66992
-832278.75739
-832631.26306
-832456.36345
-832957.09168
-832302.18960
-832632.87010
-832381.59188
-832295.45153
-832912.55370
-832399.05965
-832677.83375
-832183.54090
-832564.57840
-832433.87416
-832672.74636
-832656.67592
-832260.98103
-832505.88738
-832618.39333
-832678.29086
-832674.89437
-832992.40682
-832816.66238
-833120.21417
-832718.86433
-832832.88021
-832965.96360
-832929.16068
-832660.40602
-832580.87022
-832292.33012
-832873.56629
-833381.68773
-832422.41669
-832967.99417
-832606.22699
-832838.92028
-832500.67576
-832582.79681
-832819.45658
-832673.09700
-832835.24585
-832738.57498
-832481.07328
-832922.66579
-832740.69894
-832428.99519
-832551.86123
-832290.19618
-832331.06517
-832497.82494
-832772.11545
-832602.98677
-832595.56369
-832586.12504
-832966.59581
-832688.42344
-832850.31937
-833078.02090
-832719.04115
-833046.43635
-832677.11327
-832579.04786
-832412.19125
-832406.32039
-832859.02798
-833026.85926
-832536.80057
-832853.15628
-832382.63674
-832788.03577
-832798.46594
-832746.30784
-832697.74052
-832296.36920
-832801.51724
-832564.87384
-832908.76168
-832720.96330
-832744.51660
-832497.54129
-832766.12257
-832587.84863
-832240.46264
-832594.45240
-832645.00509
-832286.17389
-832443.78425
-832913.34134
-832451.97481
-832758.95863
-832706.56643
-832597.11431
-832783.63012
-832250.65627
-832472.70342
-832265.00856
-831930.35194
-832541.74052
-832474.48397
-832297.76870
-832533.27197
-832159.44492
-832579.84436
-832436.57455
-832919.90816
-832255.58416
-832837.29902
-832719.68041
-832605.52680
-832526.40696
-832759.53839
-832472.97196
-832858.21111
-832531.45535
-832242.67951
-832781.34597
-833095.82074
-832636.75477
-833101.03554
-832461.04271
-833037.44357
-832680.22834
-832739.27591
-832622.46830
-832540.65952
-832281.50805
-833071.14247
-832653.62829
-832405.29680
-832723.78176
-832398.47667
-832700.50048
-832920.20143
-832473.41169
-832736.21621
-832467.48710
-832800.54979
-832687.37097
-832526.17770
-832865.14430
-832722.02936
-832588.25620
-832596.41436
-832645.21753
-832762.97534
-833137.47122
-832493.24327
-832233.58870
-832273.19031
-832491.13108
-832561.52219
-832492.67296
-832430.71697
-832675.55837
-832846.39296
-832725.78391
-832773.32274
-832849.09334
-832102.47514
-832609.72250
-832511.33141
-832765.24975
-832482.66876
-832444.26349
-832759.67632
-833018.26682
-833163.12752
-832847.12461
-832032.00899
-832598.17213
-832832.38398
-832770.57906
-832510.26804
-832803.31478
-832656.23524
-832629.88020
-832779.63027
-832568.57111
-832645.62796
-832459.68767
-832859.52326
-832846.02896
-833028.90008
-832850.31897
-832810.61690
-832566.12561
-832741.06113
-832449.46138
-832530.23535
-832527.57171
-833121.09939
-833067.92623
-832445.36724
-832415.69686
-832846.68693
-832859.12501
-832903.02851
-832662.72387
-832418.40545
-832748.99229
-833008.56735
-832816.92796
-832604.59849
-832508.11701
-832936.59072
-832636.62132
-832658.23437
-832677.33853
-832946.31348
-832753.42593
-832898.91941
-832500.60610
-832221.56877
-832586.34605
-832467.93564
-832320.97900
-832605.55959
-832777.37929
-832917.09607
-832849.70218
-832518.53032
-832517.22242
-831936.69162
-832775.53100
-832598.63392
-832685.38274
-832529.40601
-832483.47713
-832876.89365
-832827.35393
-832592.49392
-833125.53179
-832650.10815
-832425.39912
-832826.54486
-832356.10222
-832893.78339
-832763.67213
-832838.81730
-832864.45037
-832876.73603
-832648.01373
-832778.24141
-833071.05524
-832675.79040
-832983.00392
-832609.52549
-832712.23668
-832856.65528
-832580.79889
-832935.26387
-832750.36207
-832304.49717
-832768.03373
-832519.93281
-832585.14855
-832855.76409
-832497.70225
-832667.00099
-832773.58362
-832811.35964
-832661.93054
-832614.08916
-832490.28658
-832984.69978
-832574.02243
-832485.69838
-832751.78434
-832529.64598
-832973.98698
-832904.53716
-832839.38789
-832594.26550
-832798.63011
-833029.83005
-832816.50803
-832746.50327
-832703.25945
-832477.77316
-832159.08751
-832679.32373
-832060.41658
-832278.17239
-832832.36158
-832790.51855
-832501.85496
-832638.78508
-832318.29401
-832403.01404
-832485.95277
-832585.10780
-832800.96098
-832583.12132
-832464.83803
-832439.21135
-832637.29007
-832741.23712
-833016.73111
-832475.59552
-832455.37053
-832507.12879
-833048.83375
-832801.39628
-832769.13517
-832814.24521
-832959.06103
-832874.77587
-832870.24290
-832653.88113
-833135.98583
-832765.49029
-832665.84189
-832577.24274
-832529.38520
-832516.58063
-832940.78867
-833013.34991
-832970.80412
-832578.03358
-832993.08755
-832572.71924
-832390.31174
-833079.26936
-832798.96373
-832773.41284
-832644.92892
-832784.64857
-832627.93544
-832889.98878
-832985.49066
-833038.28989
-832627.13767
-832738.72856
-832906.35100
-832494.13909
-832656.77441
-832565.81346
-832552.10230
-832918.96193
-832610.46568
-833096.06420
-832526.51985
-832591.96307
-832781.75349
-832760.91537
-832314.96950
-832657.53979
-832739.32081
-832644.79884
-832626.55656
-832872.44878
-832692.19262
-833004.51046
-832560.32487
-832863.55034
-832776.08410
-833002.49291
-832968.13773
-833039.06800
-832762.98623
-832774.31642
-832348.34275
-832704.71184
-832512.03706
-832634.37734
-832644.20747
-833035.48157
-832686.94893
-832802.89108
-832900.12363
-832602.24369
-832624.12368
-832961.61034
-832556.98592
-832526.91920
-832975.97012
-833054.56473
-832899.45203
-832670.22562
-832954.85175
-832843.48285
-833231.58702
-833044.40848
-833103.55826
-833258.13194
-833087.19378
-833179.95980
-833583.28134
-833379.59482
-833681.93978
-833202.45874
-832920.31941
-833026.68150
-833301.70383
-833013.06638
-832826.99096
-832859.20823
-832920.01945
-832811.15692
-832658.79533
-833170.93629
-832942.74156
-832728.40930
-832558.31841
-832915.43189
-833102.18998
-833412.89234
-833179.14338
-832680.00823
-833203.63995
-833344.02349
-833002.97000
-833224.75577
-832809.34546
-832420.70824
-832673.54455
-832920.68493
-833315.12982
-832957.31710
-833114.99509
-832934.56008
-832849.01617
-832690.95483
-832869.84740
-833221.62701
-832934.38648
-832604.43106
-832570.26537
-833003.10343
-832936.56831
-832931.98086
-832687.51581
-833287.87467
-832907.20051
-833277.94238
-832853.48234
-833105.99555
-833165.37593
-833183.54327
-833234.19142
-833048.58176
-832835.91741
-833154.61776
-833110.27637
-833174.62145
-832698.45553
-833219.50457
-832776.51264
-832907.98706
-832876.79020
-832943.66221
-833171.62280
-833035.50277
-832952.44725
-832901.67210
-832908.28904
-832967.28761
-832780.33898
-832896.02360
-832859.40701
-832457.90930
-832626.28372
-833006.08674
-832894.96654
-832888.80791
-833008.35935
-832768.21231
-833198.13720
-832737.01788
-832841.61954
-832907.69666
-832925.69961
-832754.46065
-833102.48692
-832644.97134
-833149.54126
-833120.74071
-832626.15901
-832545.18709
-832661.76288
-832864.25163
-833248.86428
-832558.72881
-832889.43944
-832792.18306
-832587.81458
-832418.74245
-832977.71095
-832634.37481
-833116.58172
-832433.54338
-833005.31339
-832881.86253
-833160.21280
-832372.53573
-832817.42458
-832900.81916
-832805.68896
-833299.22896
-832807.82263
-832907.12866
-832732.15971
-832682.54330
-833080.38588
-832707.46821
-832886.05546
-833040.16748
-832913.34344
-833013.48134
-832601.94098
-832699.78390
-833071.16855
-832857.57535
-832929.57470
-832886.66458
-832686.17597
-832876.78962
-832748.89853
-832698.24240
-832959.96286
-832830.40089
-832594.31198
-832776.52280
-832692.49271
-832818.01244
-832970.25395
-832933.84502
-832435.48944
-832539.37763
-833288.99554
-832701.37744
-832814.97581
-832698.86650
-832813.11913
-832994.75609
-833133.98377
-832846.19229
-833020.07340
-832807.59306
-832896.46390
-833286.98646
-833132.21479
-832715.85790
-833228.74648
-833180.80181
-833548.93836
-832821.52939
-832921.36214
-832951.46332
-833148.98010
-833536.40848
-833060.68836
-832903.53828
-832575.86590
-833016.73569
-832572.86998
-833118.91107
-832491.45016
-833366.35275
-832889.76454
-832632.43542
-833370.19954
-832759.98746
-833045.01495
-832822.39734
-833180.22645
-833026.52347
-833126.02131
-832633.15104
-833025.33424
-833144.33862
-833515.10775
-833057.09784
-833120.27730
-832890.87973
-832851.54824
-832606.43812
-833075.03833
-832900.37727
-832684.77451
-832958.92412
-832993.11751
-833193.34563
-833406.04359
-833251.46204
-832694.27991
-833196.65602
-833541.97943
-832807.72673
-833072.60945
-833365.85416
-833258.40181
-832914.50349
-833397.97008
-832563.06338
-833059.40626
-832826.55036
-833211.22468
-832822.28742
-832906.76144
-832929.94867
-833093.68527
-832837.59102
-832995.22127
-832832.58439
-832877.89411
-832788.42953
-833024.48425
-833038.67291
-832780.74560
-833036.94989
-832764.19558
-832786.18761
-832616.24989
-832856.53090
-832832.14753
-832779.65556
-832942.76688
-833094.31337
-832943.38054
-832959.01527
-832872.09378
-832967.18816
-832743.25819
-832831.03186
-833009.97811
-832700.62681
-833054.35326
-832737.83322
-832723.64730
-832509.73770
-832840.80086
-832403.36036
-833196.52419
-832419.13724
-832712.74205
-832878.81987
-833214.30693
-832818.29644
-832848.51458
-832580.59497
-832915.86815
-832878.82870
-832540.43414
-832656.35259
-833229.10150
-832958.28128
-832759.15197
-833735.42848
-832882.55868
-832810.29557
-832815.83134
-832765.21172
-832813.93408
-833004.19808
-832625.90057
-832439.92400
-832474.03430
-832651.67718
-832985.33035
-832942.54582
-833295.62095
-833201.93512
-832951.98178
-832848.04288
-832569.38284
-832801.29718
-832931.86546
-832785.52521
-832667.80871
-833330.09989
-832938.79099
-833283.37574
-832848.19758
-832771.88181
-832736.95551
-832858.06456
-833112.44022
-832918.29945
-833268.78239
-833115.80017
-833201.17846
-832744.85558
-832685.63934
-832981.00680
-832709.18379
-833049.41966
-832809.21456
-832952.95397
-832874.52669
-833018.06751
-833034.68873
-833299.24530
-833055.76193
-833010.15449
-832834.19397
-833088.82376
-832666.78393
-832711.56819
-833056.81141
-833350.61850
-833155.01875
-833073.09400
-832924.87554
-833176.21178
-833038.37909
-833079.49166
-833021.08812
-833392.88352
-833024.18893
-832751.23000
-833093.80315
-833198.25827
-833238.92918
-833128.66210
-833127.50733
-832915.84284
-832595.04800
-833131.43078
-832612.01091
-832879.15164
-832735.86854
-832769.02332
-833131.20406
-832859.37955
-832936.31559
-833073.89216
-833029.95223
-833318.84460
-832533.82602
-832608.90571
-833051.24115
-833032.33788
-832740.81403
-832597.97413
-832747.39905
-832888.22924
-833060.94299
-832838.84114
-833178.48594
-832587.50502
-832971.78025
-833099.13095
-832943.61894
-833114.52977
-833041.48965
-833150.29732
-833027.78755
-832655.34699
-833121.83336
-832940.37639
-832900.24751
-832912.31106
-833140.13879
-832539.81246
-832472.20583
-832760.99676
-832845.64748
-832505.46050
-832743.70737
-832772.93297
-832808.30994
-832929.86853
-833012.32488
-833050.42622
-832674.12403
-832832.86465
-833296.83898
-832674.41271
-833051.05487
-833039.79080
-833018.28624
-832702.11505
-833033.35339
-832961.23777
-832777.04722
-832844.19495
-833051.88812
-833273.21608
-832938.53552
-832879.75590
-833004.84650
-833024.67986
-833166.88099
-832819.86129
-832345.44050
-832928.44307
-832753.23858
-832959.66128
-832629.25997
-832504.48468
-832961.14698
-832956.18768
-833027.93826
-832875.38162
-832877.41582
-833068.59052
-832891.52609
-833261.44322
-833031.60363
-832717.40856
-833143.84230
-832688.68403
-832637.35608
-832763.17161
-833185.80511
-832909.51606
-833123.34726
-832739.23240
-833344.61856
-832939.86511
-833096.14039
-833181.97394
-833559.37126
-833134.34531
-833574.17015
-833113.79702
-833342.17326
-833404.35222
-833478.63210
-833222.03316
-833349.20691
-833021.75052
-832927.65357
-833172.21255
-833332.98844
-832827.93987
-832739.56523
-833061.27627
-832871.79233
-833003.21004
-832733.39951
-832939.72015
-832788.41545
-832596.29660
-833393.81861
-832574.46765
-833352.95868
-833234.49865
-832964.69183
-833496.20269
-833139.73004
-833112.54276
-833359.47544
-833148.30935
-832967.44098
-833198.42065
-833205.68162
-832748.34777
-832787.05354
-832615.60467
-833057.57441
-833150.50671
-832984.55986
-833230.58866
-832648.34522
-833058.25930
-833141.54360
-832933.85871
-832660.37086
-833104.22534
-832795.93365
-832619.87742
-832981.02663
-833019.39526
-832887.25154
-832892.65050
-833043.00954
-832605.01871
-833123.23300
-832954.18451
-832893.57620
-833307.10352
-832902.38788
-833179.64406
-833037.47571
-832681.64358
-833082.92651
-832944.79475
-832989.90180
-833160.65460
-833042.16324
-833284.90474
-833222.65640
-833365.30869
-832987.70208
-832592.64765
-833025.37505
-833092.46213
-832991.44485
-832890.21425
-833114.27465
-832904.03192
-832862.08296
-833068.99962
-832986.65116
-832841.80261
-832832.85229
-832992.92203
-833196.14959
-832918.23473
-832847.85533
-832938.48745
-832888.38068
-833212.86516
-833031.38928
-833123.34856
-833208.90148
-833062.81475
-832894.94667
-833414.81705
-833022.86090
-833103.42826
-833172.40382
-833203.75229
-832815.55979
-832934.46724
-833540.23176
-833190.10049
-833595.68953
-833512.07193
-833199.99314
-833149.02372
-833578.73736
-833442.93343
-833416.60314
-833501.25837
-833507.86819
-833318.11884
-833324.33083
-833259.20847
-833258.15168
-833142.77101
-833362.27236
-833470.70120
-833348.85445
-833193.06431
-833344.48732
-833372.05970
-833568.97913
-833391.73829
-833092.45700
-833025.78640
-833039.73985
-833147.71831
-833154.39368
-833461.86490
-833505.36122
-833510.36572
-832784.21784
-833058.49891
-833368.30277
-832989.68115
-833413.90964
-833962.31910
-833026.06865
-833389.85402
-833228.31242
-833525.92073
-833092.84365
-833310.58906
-833249.22027
-833483.14040
-833580.42218
-833437.25468
-833112.23783
-833425.87026
-833377.79515
-833368.12609
-833469.87751
-833342.71987
-833098.72374
-833563.42682
-833341.06596
-833233.50183
-833014.47194
-833444.82698
-833187.24887
-833132.12148
-833242.63297
-833254.22518
-833163.53998
-832881.34575
-833152.26557
-833148.33496
-833312.84027
-832826.19476
-833011.89907
-833372.23862
-833811.11089
-833222.09481
-833073.35007
-833878.92663
-833614.57955
-833417.40233
-832608.09899
-833416.55189
-833199.11000
-833699.16641
-832859.16002
-832735.91772
-833341.48481
-833544.10130
-833122.70926
-833353.75825
-833367.49329
-833380.78545
-833359.76207
-833472.37949
-833135.97407
-833164.25036
-832981.77639
-833517.68558
-832975.91025
-833116.31998
-833239.42737
-832852.91126
-833581.85453
-833394.06688
-832954.90630
-833126.82473
-833458.35961
-833234.42981
-833429.62254
-833320.59257
-833388.26092
-833290.44667
-833106.14064
-833141.20582
-833210.52698
-832682.01076
-833506.35992
-833417.01469
-833346.87088
-832907.42282
-833126.96286
-833304.56999
-833516.49344
-833427.75659
-833215.87683
-833538.14341
-833490.84380
-832916.62630
-833339.99101
-833656.39347
-833484.99386
-833483.08012
-833691.04990
-833365.89204
-833472.23836
-833138.93663
-833033.57088
-833279.54623
-833399.64866
-833302.49122
-833473.52385
-833186.49331
-833551.25825
-833173.42415
-833200.95334
-833304.47729
-833152.58017
-833216.44047
-833203.99331
-833265.33971
-833308.67108
-833387.30693
-833508.07054
-833676.35445
-832921.89843
-833310.33595
-833150.59944
-833258.74437
-833102.31740
-833166.07871
-832656.83269
-833219.16107
-833591.71256
-833197.24966
-832976.09630
-833136.56778
-833301.15196
-832870.21688
-832687.82764
-833044.08516
-833083.66223
-832990.09260
-832827.35608
-832866.26605
-832722.20826
-832975.13608
-833197.13725
-832818.72332
-832998.43084
-832740.85217
-832830.31599
-833244.70695
-833557.50729
-833363.43805
-833279.78471
-832825.73476
-832808.14765
-833096.88891
-832901.51426
-833162.54582
-833114.30617
-832903.34493
-833076.72795
-832865.34376
-833415.87332
-833095.76035
-832723.80098
-833114.32677
-833086.30206
-832924.42813
-832676.78196
-833150.17709
-832918.44898
-833063.03677
-832836.28554
-832873.77295
-833467.24422
-833222.26936
-833152.35461
-832828.52953
-833001.54762
-832936.11235
-832801.73106
-833170.96971
-832677.82462
-833256.95485
-833172.68257
-833459.35075
-833110.35787
-833036.28826
-832827.79085
-833303.29927
-832599.69845
-832983.39386
-833090.07268
-833225.19244
-832570.14049
-833336.43411
-833097.41462
-832695.96726
-833401.92271
-832922.27914
-833083.35086
-833121.43751
-832863.96379
-832498.16896
-833115.55995
-833209.56720
-832717.39190
-832903.26954
-833108.80383
-833255.43827
-833093.46908
-833085.86398
-832771.07313
-833109.72899
-833295.59951
-833032.67874
-833023.75705
-833095.56337
-833106.97686
-832750.77968
-832737.49871
-833018.85111
-833040.79719
-831701.69458
-832975.30870
-832860.50984
-832683.78469
-832752.64642
-832877.68658
-833032.39927
-833238.73559
-832727.11965
-832747.39019
-832700.72981
-832594.22751
-832502.79594
-832423.22783
-832739.78655
-832821.79728
-832736.14894
-832616.84866
-832497.28302
-832838.17936
-832753.32181
-832547.46298
-832602.13249
-832676.39055
-832655.08112
-832412.78183
-832675.70158
-833015.38155
-832510.37364
-832627.36857
-832979.32634
-832609.42883
-832461.02316
-832244.40917
-832863.53793
-832557.41784
-832897.23725
-832390.25466
-832680.63144
-832491.47374
-832658.45212
-832797.81476
-832801.92222
-832612.56276
-832721.21036
-832720.00518
-832358.43356
-832633.03394
-832819.59086
-832815.46674
-832795.89647
-832692.41357
-833250.48442
-832711.75495
-832234.34848
-832949.85103
-832598.37355
-832710.73359
-832593.90980
-832567.19953
-832681.99168
-832709.09976
-832762.61411
-832982.71471
-832827.25167
-833093.68692
-832618.61312
-832774.72920
-832855.30408
-832551.76992
-832998.07571
-832888.48450
-832648.30231
-833032.86837
-832940.35733
-833031.73396
-832715.18809
-832872.05383
-833012.20875
-832908.76659
-832864.53534
-832521.02574
-832754.18197
-832856.79955
-832557.32674
-833091.87926
-832832.56626
-832925.72512
-833051.83167
-832436.23764
-833279.96609
-832839.02766
-832877.39485
-833001.97315
-832894.74420
-832939.01397
-832766.73012
-832505.49566
-832734.71853
-832802.03492
-833036.41034
-832847.28517
-832828.74993
-833204.23426
-832948.40102
-833133.59082
-833012.00813
-833078.71059
-833090.73126
-833174.12535
-832682.97591
-832920.77076
-833082.56298
-832834.61110
-832701.19491
-833018.10824
-832723.63775
-832876.87006
-832879.13832
-832650.37284
-832611.98273
-832611.25534
-832616.89885
-832369.41617
-833131.52018
-832746.81224
-832532.84464
-832858.91030
-832831.51063
-833092.65837
-833097.52720
-832674.44739
-832688.07087
-832795.56032
-833067.84813
-832274.48873
-832646.58940
-832552.49642
-832671.29407
-832749.21955
-832618.09018
-832771.84852
-832807.16750
-832727.42620
-832591.90967
-833007.10562
-833116.07377
-832891.45935
-832946.01239
-832654.71724
-832747.94066
-832515.25641
-833020.73454
-832769.79343
-832761.00438
-832861.00964
-832629.87935
-832585.22585
-832881.81893
-833099.25393
-832771.49130
-832912.92111
-832958.66426
-832973.15250
-832541.00421
-832995.05971
-832900.29508
-833146.41886
-832856.51865
-832798.63326
-832176.96791
-832814.42024
-832753.23865
-832238.28729
-832721.85159
-832882.04895
-832865.87287
-832933.49593
-832523.25433
-832768.56638
-832789.92393
-832670.60051
-832870.91063
-832886.84132
-832882.28320
-833134.09507
-832732.57876
-832978.45198
-832995.68155
-832728.34403
-833231.47168
-832780.64915
-832886.46497
-832993.14169
-832999.40552
-832460.37126
-832985.02810
-832903.44074
-832844.39360
-832951.73687
-832605.50201
-833020.12003
-832890.40539
-832941.46029
-833271.36912
-832606.50672
-833321.22665
-832933.27813
-832926.40108
-833168.32325
-833177.19725
-832964.80734
-832712.90493
-832912.30682
-832574.71690
-832851.98921
-833048.52071
-832570.43899
-832854.56501
-832325.94527
-832821.74593
-832498.02534
-832874.37430
-832475.00978
-832514.90528
-832403.35304
-833115.78796
-832787.00343
-832448.17620
-832827.03489
-832879.49608
-832817.38292
-832771.02537
-832410.84313
-832813.41685
-832092.33715
-833039.63556
-832479.23441
-832642.21502
-833193.55042
-832430.33584
-832748.43961
-832358.17739
-832895.83794
-832705.64379
-832536.67930
-832804.90664
-832368.26140
-832461.69335
-832905.71286
-832677.78606
-832516.17746
-832932.05709
-832815.28711
-832650.06220
-832602.23089
-832810.03638
-832837.58407
-833028.34798
-832446.59162
-832825.59502
-832590.16684
-832566.22757
-833123.45889
-832517.83116
-832548.83835
-832991.01895
-832295.41524
-832425.18711
-832840.03109
-832552.65817
-832660.85587
-832510.35940
-832575.91438
-832710.10528
-832566.95169
-832741.38217
-832718.85354
-832935.08192
-833216.55309
-832984.76574
-833162.14288
-832812.88292
-832910.11703
-832970.91329
-832731.15286
-832802.57594
-832482.32603
-832788.02948
-832620.79162
-832897.90677
-832734.02108
-832207.51373
-832999.95886
-832763.07265
-832943.64819
-832606.85019
-832591.73437
-832728.50299
-832430.32766
-832651.23720
-832660.58079
-832333.55564
-832714.68928
-832590.92205
-832812.63495
-833026.23658
-832487.97443
-832859.93835
-832241.19448
-832602.33889
-832741.20218
-832451.83479
-832763.89902
-832803.35986
-832768.46429
-832803.10199
-832720.46300
-833065.89398
-832541.44996
-832583.83942
-832773.47148
-832774.47528
-832325.58107
-832945.18582
-832727.73806
-832811.02631
-832510.61095
-832657.47754
-832881.62913
-833107.59096
-833128.18704
-833035.38938
-832875.49612
-832666.37971
-832783.16576
-832371.82611
-832585.77603
-832747.43901
-832908.38165
-832773.44587
-832467.33309
-832567.73733
-832579.61416
-832579.34744
-832956.73075
-832981.44129
-832714.80324
-832911.26863
-832642.10520
-832856.54124
-832565.42202
-832893.84602
-832635.25867
-832776.91736
-832790.98883
-832507.52532
-832926.53222
-833046.50247
-832928.82185
-832872.65545
-832592.52229
-832675.93546
-833298.07065
-832670.47555
-832973.45562
-832430.28314
-833063.30502
-832766.47306
-832791.74964
-832568.70778
-832857.88226
-832492.22956
-832897.02586
-832325.71819
-833062.37058
-832758.04698
-832704.09333
-832937.72610
-832653.06605
-833073.90490
-832330.57209
-833005.20753
-833312.25682
-833209.96500
-833110.30263
-832949.35440
-832958.77483
-832866.89047
-832794.77477
-833375.20157
-832806.42322
-832860.69896
-832670.30501
-833284.51060
-832986.50716
-833084.08117
-832304.39116
-833384.21706
-833378.97388
-832721.35239
-833069.34565
-832888.78895
-832817.43245
-832815.33515
-832239.71917
-832835.41134
-832627.48951
-832926.81063
-832940.89204
-832545.41892
-832562.01628
-833098.83883
-832458.29171
-832778.08420
-832711.52749
-832469.01941
-832699.82104
-832641.09566
-832900.60779
-832767.10740
-832386.29899
-833153.45878
-832347.73386
-832471.17294
-832681.89793
-833191.23512
-832901.90722
-832791.39371
-832564.72814
-832493.96158
-832666.20439
-832184.09108
-832833.77505
-833084.21432
-832951.40995
-832719.02101
-832855.03271
-832890.15234
-832910.41652
-832431.12966
-832811.69465
-832790.91456
-833291.60486
-832672.67479
-832418.66895
-832982.12150
-833170.95090
-832590.82032
-832780.45211
-832498.97780
-832759.36484
-832927.27055
-833028.38987
-832857.53620
-832885.00429
-832822.57400
-832548.60610
-832805.25224
-832678.65408
-832596.67364
-832569.47669
-832564.18128
-832461.05222
-832553.59008
-832756.47712
-832531.49051
-832492.25734
-832768.66749
-832583.81454
-832803.23900
-832533.33208
-832411.86818
-832763.40082
-832836.49062
-833043.19603
-833112.98371
-833067.54178
-832705.05877
-832979.05065
-832522.14176
-832695.30217
-832617.81987
-832307.61185
-832938.16116
-832657.13081
-832554.06717
-832677.63111
-832729.85708
-832620.43816
-833051.57921
-832883.18381
-832731.77119
-832677.91193
-832688.47574
-833192.72695
-832783.39513
-832658.97924
-832992.22193
-832960.65777
-832487.14145
-832629.15456
-832694.49317
-832744.51791
-832775.05414
-832497.77284
-832359.42503
-832596.95833
-832237.96065
-832824.66076
-832584.25430
-832816.57259
-832723.02464
-832596.98125
-832722.10162
-832528.68869
-832301.52725
-832586.60757
-832666.02292
-832800.29365
-832504.00128
-832777.00384
-832278.86090
-832532.77130
-832512.37569
-832565.82705
-833062.33205
-832551.27589
-832678.60354
-832505.18746
-832337.15596
-832325.03613
-832552.49616
-832415.91073
-832653.19836
-832606.49800
-832831.02467
-832109.88491
-832229.54091
-832752.37383
-832513.46120
-832557.14287
-832811.63898
-832599.14157
-833050.99055
-832500.66951
-832571.84046
-832525.08448
-832278.21004
-832528.83935
-832563.47202
-832598.93925
-833064.54859
-832755.83678
-832862.60493
-832777.57724
-832533.87534
-832909.25387
-832501.50407
-832813.56790
-832740.37172
-832900.57996
-832650.47971
-832911.63543
-832693.63779
-832285.10223
-832555.57041
-832661.03553
-832467.57599
-832595.97349
-832767.27061
-832849.52839
-832573.51297
-832767.02044
-832782.97555
-832528.66486
-832389.47688
-832999.24498
-832579.42202
-833043.31254
-832859.62669
-832750.64512
-832995.81215
-832780.40286
-832655.10014
-832869.80964
-832577.30833
-832680.64691
-832731.76782
-832757.26843
-832976.60001
-832744.36432
-832920.61990
-832810.53486
-832691.52625
-832831.93155
-832853.09341
-832745.31349
-832061.47344
-832524.96235
-832835.46471
-832573.09190
-832604.57812
-832210.06844
-832335.45793
-832959.47696
-832209.11843
-832778.62820
-832562.61670
-832796.69760
-832707.49272
-832865.68459
-832515.82479
-832832.87432
-832812.27428
-833042.97996
-832630.82105
-832513.99226
-832340.56716
-832950.43883
-832776.76278
-832497.61007
-832537.62755
-832475.55424
-832360.54587
-832721.75903
-832970.43788
-832678.25507
-833208.97264
-832662.74863
-832439.72289
-832482.96671
-832819.55964
-832874.83600
-832757.30940
-833193.55606
-832676.82543
-832805.55867
-833024.91526
-832809.83708
-832488.55950
-832800.43336
-832728.63981
-832594.00271
-832522.11594
-832551.56858
-832797.00538
-833010.75141
-832921.98419
-832734.30239
-833235.08755
-833052.47971
-832940.33678
-832664.39818
-833071.98222
-833020.04478
-833029.57255
-832704.61591
-832763.67650
-832748.13045
-832542.89885
-833051.77328
-832836.44678
-832811.59488
-832739.40448
-832941.50824
-832644.29886
-833121.26406
-832835.65348
-832856.58893
-832885.28748
-832774.99181
-832858.43907
-832780.64844
-832796.16703
-833053.97213
-832813.17274
-833026.08069
-832980.17606
-833343.13043
-832717.78462
-833117.39954
-833049.11021
-833203.68474
-832771.66076
-832897.24511
-832710.51530
-832916.80163
-833534.55563
-832930.02687
-833389.42769
-832812.89074
-832557.14727
-833217.03586
-833244.39891
-832841.03427
-832473.86397
-832529.35518
-833111.02846
-832572.85830
-832731.05611
-832414.31913
-832396.04463
-832311.93074
-832931.88000
-832764.27767
-832523.73808
-832784.51772
-833007.21018
-832789.00370
-832533.94389
-832982.00356
-832886.32828
-832801.77483
-832921.45956
-832854.55990
-833038.16138
-832810.95520
-832912.22738
-832802.45106
-833305.00900
-832835.84297
-833108.72488
-833221.18879
-833276.71284
-833318.62868
-832616.05063
-832920.94175
-832971.53083
-832977.62636
-832937.61789
-832641.48445
-832885.66986
-832621.12875
-832760.49978
-832912.83817
-833017.64729
-832641.85936
-833213.88664
-832892.73579
-833164.40851
-833027.92000
-833043.59523
-832664.51418
-833015.66684
-832743.78999
-832968.79078
-832786.88508
-832758.38258
-833012.49314
-832787.02151
-833280.03367
-832776.41185
-833299.22348
-833176.84840
-832438.68622
-833068.56332
-833044.12240
-833082.83583
-832867.50777
-832891.51014
-832696.16267
-833032.91706
-832672.47809
-833083.48517
-832979.95848
-832790.15516
-833265.18447
-832929.60481
-832588.38864
-833245.20765
-833092.02450
-832786.08985
-832855.34778
-832434.37549
-832583.04425
-832823.33859
-832599.67552
-832867.48456
-832857.07367
-832719.75100
-833467.71449
-833111.62116
-832871.42027
-832950.32581
-832885.61576
-833014.67098
-832776.78089
-833079.93928
-832805.54277
-833139.32852
-832540.54952
-833223.39286
-832645.22594
-833188.39250
-832604.57312
-832817.57126
-832419.60289
-832944.62693
-833225.06428
-832854.08452
-832899.86860
-832915.51366
-833226.30215
-832839.59303
-832911.07804
-832672.16737
-832589.44875
-833205.47462
-832753.37646
-832835.35650
-832673.80242
-832467.16843
-832574.90191
-832958.95692
-832881.41651
-832885.40372
-832944.19234
-832882.79890
-833593.76911
-833091.62546
-833217.60326
-833374.91163
-832945.85432
-833223.15270
-833158.99016
-833339.85731
-832900.04119
-832956.55244
-832699.00318
-833017.63011
-832960.06103
-833159.06683
-832932.76404
-832872.38526
-833494.25339
-833014.37898
-833043.49379
-833011.82634
-832691.38052
-832635.03549
-833087.76894
-832702.09685
-833077.28315
-832892.90970
-832998.97258
-833067.40044
-833072.93427
-832828.35325
-833026.25821
-832975.03846
-833110.95262
-833093.96697
-833588.38517
-833263.49009
-833108.51401
-832933.55839
-832715.61558
-833618.21714
-832857.36677
-833247.71303
-833100.76303
-832879.97152
-833441.69101
-832958.90934
-833242.16497
-833019.66349
-832867.54499
-833012.90981
-833093.58489
-832912.79295
-833418.97538
-833120.86940
-833068.22336
-833127.36174
-833235.07715
-833124.61714
-833030.49094
-833230.66505
-832848.68511
-833201.99417
-832981.19806
-832905.27850
-833313.08034
-833189.63509
-833031.77145
-832503.58014
-832789.45789
-833002.73837
-832514.38930
-832877.18529
-832951.26471
-833003.27778
-833133.71844
-833081.16373
-832667.56259
-832988.56086
-833032.46075
-832663.46821
-833165.33356
-832811.90532
-833240.06671
-833099.23406
-832818.72533
-832674.83974
-833170.97551
-833414.90842
-832797.12157
-832920.65007
-832818.94631
-833027.34374
-833210.58943
-832956.31345
-833261.60624
-832927.13897
-833257.89093
-832722.86104
-833012.89316
-832748.38913
-833479.71224
-832928.00649
-833104.58281
-832377.64183
-832611.91521
-832898.95421
-832965.22765
-832489.04978
-832702.11731
-832842.20314
-832967.68877
-833220.27403
-832945.31741
-832928.07901
-832973.63183
-832727.19975
-832918.98897
-833253.83005
-832758.73307
-832824.40579
-833201.16624
-832769.52484
-832987.14291
-832890.43545
-833416.39912
-832937.83277
-833205.24403
-832988.88644
-833413.90699
-833321.24066
-833283.66422
-833044.01923
-833107.88644
-833374.97602
-833079.38935
-832668.96370
-833132.73802
-833140.36539
-833015.52907
-833179.45317
-832885.20575
-833029.46013
-833029.21726
-832975.93493
-833042.86067
-832456.08510
-833093.74416
-832876.99111
-832879.88641
-832714.54137
-832582.64617
-832720.28559
-832751.66606
-833032.91046
-832774.12564
-832744.25757
-833318.88626
-833016.27011
-832781.15919
-833342.94380
-833039.81934
-832924.21580
-833282.79739
-833163.61845
-833005.11268
-832910.94127
-832855.16503
-833247.38137
-833057.79522
-832837.28831
-832920.45292
-833220.24798
-832866.94940
-832938.16103
-833019.26657
-833275.78698
-833094.74067
-833072.90281
-832888.43056
-833181.05482
-832330.41380
-833098.27525
-832815.05459
-832917.88874
-833122.70669
-832908.87825
-832795.24859
-832805.33846
-832810.43308
-832849.02839
-833054.35999
-833252.40955
-833335.15749
-833174.02644
-832866.92605
-832894.01712
-832781.83471
-833413.76397
-833283.15499
-832790.89639
-833107.38606
-832984.55038
-832972.58192
-833182.91125
-832944.02760
-832892.60414
-832973.30706
-833248.70146
-833007.91345
-832907.42373
-832937.64479
-833150.18735
-833204.38797
-833019.11928
-832762.38052
-832842.58910
-832985.22811
-832864.45400
-833153.60871
-833532.82679
-833329.40843
-833001.00053
-832981.14480
-833196.87613
-833469.71911
-832849.88893
-832937.82827
-832663.03021
-833535.35282
-833619.21213
-833173.21137
-832967.10841
-832938.50611
-833203.60359
-833434.62993
-833173.33850
-833016.38460
-833384.21245
-833112.26054
-833024.92693
-833001.36192
-833016.38104
-832760.30867
-832853.02813
-832848.54170
-832891.20640
-833054.83879
-832945.47864
-832973.05228
-833153.10907
-833417.05319
-833058.86639
-833429.12912
-832817.51727
-832953.78553
-833259.72817
-833190.97206
-833340.27576
-833225.21731
-833019.35126
-833463.93105
-833288.22433
-832936.76829
-832960.60283
-833219.57873
-833081.53389
-832931.89863
-832822.11747
-833018.08537
-833327.83875
-832690.94551
-832878.03176
-833065.50013
-833296.41109
-833304.83473
-832939.15859
-833453.42129
-832825.98246
-833089.41489
-833137.96124
-833047.63995
-833330.12485
-833341.61472
-833036.93221
-833025.55908
-832887.26051
-833090.29931
-832779.68309
-832808.37483
-832904.02768
-833096.62899
-832845.63201
-833423.75884
-833077.65044
-832466.51870
-832916.41801
-832878.17673
-833140.19186
-832656.70778
-832845.79338
-832844.27884
-833157.54663
-833039.56747
-833120.88024
-832574.43854
-832721.61811
-832970.47204
-832835.79353
-832653.45449
-832688.16477
-833137.24722
-833106.49377
-832557.23585
-833147.74971
-832807.16825
-832658.29855
-832775.75448
-832941.60334
-833207.67201
-832714.28668
-832781.21386
-832739.98468
-832778.95025
-832739.55403
-832833.73365
-832754.11919
-832462.91791
-832980.09519
-832663.31973
-832776.14190
-833018.94229
-832584.89643
-833130.49307
-833114.47805
-832564.53234
-832923.52307
-832860.12497
-833016.30351
-832796.81623
-833000.59763
-832637.74572
-832774.38257
-832665.71172
-832225.16176
-832522.69224
-832534.58115
-832573.39273
-832529.27844
-832538.35355
-832840.66427
-832673.84324
-833077.44933
-832816.76881
-833527.85229
-832363.20724
-832602.28676
-832750.65452
-832985.24829
-832589.28964
-832602.16405
-832793.71281
-832929.79446
-832845.99319
-832769.35223
-832783.25411
-832352.65471
-833064.50924
-832595.99570
-832661.06371
-832690.13856
-833108.83756
-833132.84676
-832902.80920
-832870.08011
-833029.63110
-832647.05191
-832665.13423
-832674.87573
-832939.47866
-832760.52915
-832934.02279
-832675.67520
-833302.27080
-833033.84256
-832957.85659
-832820.95351
-833035.25579
-833050.26596
-832931.09604
-832669.56191
-833154.41175
-832623.19625
-832313.49173
-832951.62199
-832930.07901
-832894.32808
-832570.81268
-833094.58873
-832951.53148
-832695.31198
-832679.16713
-832847.70914
-832626.31346
-832578.38636
-832667.67404
-832446.05752
-832954.35831
-832828.48582
-832803.63089
-832517.38922
-832972.16625
-832709.09213
-832286.12627
-832536.62812
-832425.79775
-832601.47201
-832536.65861
-832761.58524
-832684.16504
-832562.88262
-832843.39881
-832394.75222
-832932.11923
-832773.69399
-832987.11930
-832923.42687
-832835.63611
-832708.38692
-832915.03494
-833034.41642
-833045.34492
-833186.92516
-832882.61601
-832973.21865
-833034.74226
-832703.40728
-832742.21432
-832970.39882
-832903.79916
-832660.46052
-832683.03437
-832706.32720
-832830.24273
-832636.35656
-832746.03818
-833022.94798
-832893.60370
-832554.26599
-832755.08425
-833054.10072
-832835.46834
-832514.92200
-832648.11214
-832763.77989
-832566.07917
-832857.36071
-832776.00598
-832611.69247
-832709.81308
-833115.98873
-832441.65763
-833004.60489
-832589.49192
-832830.13741
-833154.15532
-832742.80652
-833031.00892
-832445.71900
-832741.74907
-832801.88441
-833098.81156
-832844.63580
-832941.23500
-832799.27984
-832790.07153
-832916.68442
-833187.79114
-832952.20973
-832829.59664
-833383.30588
-833062.62782
-832790.92222
-832628.18264
-832543.97734
-832465.28064
-833181.31555
-832976.40429
-833076.21866
-832925.25503
-832624.76584
-832699.15102
-832820.93553
-832931.27690
-832888.53876
-833081.15138
-833105.43912
-832877.73163
-832810.25407
-832354.31016
-833014.22664
-832642.20645
-832883.52052
-833135.77271
-832715.97368
-832831.93572
-832637.50800
-832994.62481
-833114.66818
-832635.19994
-832423.22806
-832900.96931
-832881.31446
-832277.82493
-832622.67679
-832616.84956
-833005.03854
-832968.63336
-832571.68889
-832087.00605
-832544.87437
-832717.67107
-832610.14763
-832788.54275
-832794.37899
-832660.59207
-832697.89327
-832676.33095
-833040.95678
-832964.58979
-832685.79080
-832922.21112
-832817.85913
-832541.11219
-832357.43347
-832695.07217
-832808.25975
-832891.26997
-832680.45139
-832922.60945
-832977.81523
-832702.24443
-832871.71006
-832724.87667
-833111.79013
-832885.30427
-832924.48998
-833051.89836
-832810.08347
-833121.67497
-832680.31677
-832796.31515
-833177.96766
-832830.11653
-832706.59522
-832747.02848
-832996.80823
-832502.10976
-832781.33737
-833056.19873
-832782.41019
-832790.86384
-832834.05002
-832699.02324
-832775.13842
-833102.74889
-832475.87826
-832914.40983
-832764.70080
-833414.43545
-832573.45972
-832710.43932
-832915.12723
-832832.21603
-832768.44686
-832796.52534
-832995.40083
-832898.03353
-832702.90207
-832370.95412
-832803.81211
-832621.87102
-833099.44357
-832943.08850
-832837.04615
-833079.12529
-833048.88363
-832833.12951
-832526.06580
-833032.90237
-832716.48267
-832562.41037
-832639.17148
-832764.33731
-833017.20236
-832692.33525
-832845.68558
-832625.61620
-832552.01612
-832876.39964
-832589.27236
-832027.38855
-832805.02831
-832257.50566
-832651.31854
-832424.55309
-832512.94194
-833013.18562
-832481.76935
-833204.70431
-832705.97517
-832900.60814
-833011.43154
-832788.11561
-832688.50648
-832910.54299
-832008.23042
-832800.31555
-833097.50587
-832922.46745
-832797.28825
-832756.49066
-833053.59809
-833071.17005
-832890.52838
-832828.92256
-833091.20678
-832712.65963
-832774.49360
-832709.46322
-832426.41045
-833105.91158
-832506.88246
-833178.99553
-832703.06513
-832457.04939
-832725.25728
-832837.11902
-832617.84912
-832457.00187
-833026.93434
-832767.94050
-832715.07658
-832832.86750
-833381.17045
-833212.58976
-833155.08079
-833008.57977
-833168.85706
-833677.53338
-833257.13230
-832830.29438
-832927.94510
-833499.02259
-833690.72661
-833205.60311
-832997.09139
-833213.53914
-833523.28230
-833232.48619
-833395.33602
-833329.09220
-833459.46003
-832953.71356
-833219.65187
-833275.41081
-833535.60894
-833096.82111
-833116.65021
-833050.89941
-833567.54963
-833110.83402
-833015.10628
-833298.52617
-833304.36665
-833224.23302
-833199.22868
-833230.91844
-833202.39993
-833127.82099
-833080.20929
-833025.20809
-833512.58845
-833296.93511
-833439.78932
-833119.34312
-833038.35541
-833406.43788
-833433.29457
-833382.98034
-833229.10601
-833342.25750
-833619.99368
-833187.65552
-833305.76552
-833161.80705
-833329.74725
-833090.73403
-833023.09786
-833250.56801
-832639.94640
-833037.41370
-833176.98799
-833363.75728
-833306.49485
-832929.77198
-832959.87015
-833026.85535
-833380.85993
-833261.84510
-833200.38311
-833365.12125
-833199.94612
-833176.22823
-833341.19012
-833181.47368
-833808.62120
-833240.73084
-833249.19952
-833223.52355
-833093.40127
-833064.74078
-833080.61641
-833373.97657
-833072.85158
-833051.88941
-832998.17392
-833261.56261
-833304.63272
-833301.19200
-833447.20038
-832951.70710
-832842.43715
-832936.80982
-833078.15744
-832909.85030
-833064.45619
-833132.00091
-832723.12372
-832956.02786
-833362.40116
-833097.43932
-833516.90385
-832967.36114
-833093.32114
-833214.57042
-833212.52390
-833416.04102
-833248.48354
-833082.09335
-833140.45836
-833378.22852
-832785.83263
-833021.37438
-833377.67896
-833414.60901
-833306.35269
-833136.93674
-833109.41692
-833270.77082
-832936.83135
-833495.67407
-833311.54917
-832825.90972
-833002.53511
-832637.66256
-833241.50211
-832797.56881
-832637.86927
-832966.30622
-833711.43966
-833463.34869
-833281.36240
-832626.49167
-833504.51095
-833400.69933
-833109.91865
-833250.20512
-833346.18744
-833114.30553
-833546.03052
-832638.50188
-833159.24731
-833265.27957
-833066.58384
-833334.60431
-832957.68860
-833030.14655
-833090.38364
-832981.37793
-833448.24120
-833094.60924
-833028.87468
-833069.59972
-832654.25267
-832465.44767
-833001.16003
-833348.65175
-833019.94179
-833100.70308
-833008.84504
-832889.70027
-832730.04924
-833108.60151
-832893.54996
-832606.18053
-832605.54192
-832537.66482
-832738.65844
-832653.52582
-832205.45780
-832631.32988
-832646.56474
-832461.17268
-832629.72678
-832742.69237
-833191.54561
-833205.46940
-832763.18619
-832967.00748
-833043.69159
-832932.23137
-832724.86473
-832590.30701
-832646.39363
-832680.73152
-832594.74572
-832885.28143
-832923.20135
-833061.83618
-832608.75320
-832696.29920
-832843.31752
-832869.02038
-832436.45220
-832360.62918
-832698.37524
-832659.72723
-833287.16061
-832853.71328
-833037.92125
-832527.63758
-832662.24098
-832837.94395
-832963.07289
-832843.59108
-832560.39526
-832953.17377
-832829.23187
-833143.41697
-833244.93559
-832981.15031
-832828.54802
-832819.81129
-832684.88722
-832649.27683
-832626.72199
-832916.59606
-832952.56141
-832703.72794
-832814.55538
-832943.29944
-832569.38516
-833195.78761
-832744.76805
-832924.50023
-832945.01782
-832979.24930
-832751.76512
-832852.77486
-832508.12896
-832921.03112
-832641.70029
-832935.52331
-832712.10259
-832656.64630
-832890.17193
-832782.02863
-832477.30522
-832795.95318
-832468.46623
-832308.51908
-831888.22828
-833201.74739
-832474.67206
-832876.09905
-832675.63207
-832798.70913
-832833.29696
-832758.44830
-832510.62655
-832664.59335
-832528.24495
-832874.60267
-833066.52125
-832737.43216
-832687.78630
-832630.21097
-832585.38679
-832808.48222
-833031.15889
-833069.91142
-832476.95236
-833207.74438
-832454.67114
-832618.03455
-833010.38061
-832703.54011
-832809.91756
-832744.54539
-832793.63287
-833156.90415
-832707.27579
-832832.65680
-832447.09671
-833273.50374
-832974.26256
-833248.25152
-833229.26571
-832987.72482
-832834.13648
-832997.16949
-832970.80144
-832756.38519
-832806.35543
-833170.91801
-833237.00435
-832816.46820
-832862.06914
-833144.79699
-832794.36687
-832754.13638
-832881.79747
-832888.22193
-833287.69820
-832900.86599
-833247.14337
-833026.75312
-833091.10477
-832456.19453
-832974.09573
-832784.11821
-832940.91164
-833082.92004
-833298.97150
-833142.03468
-833261.12450
-833056.89359
-832754.56170
-832659.56791
-833215.25983
-832913.68582
-833102.41766
-832739.22262
-832892.42657
-832764.55612
-832581.43303
-832860.31085
-833339.72710
-832850.01260
-833410.57691
-833291.73385
-832930.90449
-832906.61012
-833201.44399
-833337.54441
-832704.16235
-832686.71467
-833130.65611
-832995.68819
-832664.51691
-833241.36474
-833257.77504
-833247.35591
-833224.83948
-833276.58339
-833071.54799
-833144.32107
-832543.49501
-833070.37124
-832824.36750
-833154.27020
-832876.88369
-833169.56124
-833152.31349
-832780.11740
-832931.60526
-832884.38881
-833506.14261
-832813.40128
-833024.51345
-832769.79342
-833051.28715
-833036.02451
-832758.59979
-833249.89321
-833177.08521
-833240.95499
-833082.08876
-832872.60282
-832882.35190
-833341.20920
-833481.10829
-833510.05918
-832809.85701
-833228.79146
-832929.95763
-833114.80183
-832860.45477
-832643.74740
-833288.25701
-832727.94447
-833098.16331
-832836.21946
-832440.29816
-833108.47700
-833034.03196
-833084.16074
-833084.69190
-833181.92743
-832825.92372
-833428.95528
-832600.08694
-832794.03203
-832285.52077
-833072.01909
-833018.65065
-833157.90436
-832807.06898
-833181.32520
-833192.88591
-832892.68749
-833045.24472
-833060.66096
-832709.91929
-832985.32750
-832895.00020
-832705.78586
-833003.06716
-832927.36752
-833057.61121
-832722.22904
-832857.78495
-832906.23469
-832825.40731
-832799.20045
-832365.68495
-832745.65022
-832816.52661
-832554.46584
-833243.81832
-833382.37382
-833036.85813
-833048.95099
-832947.85963
-833258.93030
-832813.70968
-833012.71938
-832733.48420
-832766.27295
-833075.01163
-832915.54502
-832783.39564
-832925.12900
-832458.52281
-832907.07839
-832555.45257
-832691.23060
-832665.81327
-832907.36298
-832799.62288
-832902.65489
-832716.56389
-833266.72945
-833149.02576
-833327.36459
-832889.55767
-833006.93617
-832831.03258
-832992.90394
-832935.46818
-833005.24346
-833266.57898
-833538.71869
-833129.70419
-833013.49632
-832917.77898
-833213.67130
-833303.48472
-833190.05215
-832912.78274
-833372.25502
-832668.68582
-832725.62053
-832967.88177
-832936.71880
-832843.60713
-833157.41843
-832941.78289
-832820.33320
-832731.22629
-833133.28115
-832924.71691
-833118.98070
-833323.67363
-833035.74829
-833107.03544
-833072.05090
-833630.15352
-833309.36868
-833287.25236
-833540.73066
-833429.20241
-832922.82017
-833491.66743
-833052.27877
-833355.27695
-833382.96703
-833126.58084
-833563.11417
-833191.74395
-833281.42308
-833140.17904
-833475.38347
-833374.48602
-833038.21355
-833074.96592
-833267.40965
-833485.77118
-833345.55636
-833197.80732
-833352.87935
-833529.42803
-833412.01538
-833194.16153
-833258.73751
-832843.02425
-832899.93935
-833098.19905
-833242.40166
-833125.22088
-833058.97736
-833411.63282
-833150.50430
-833072.43417
-832865.13301
-832953.83331
-832720.22026
-833015.82529
-833354.60164
-833167.52563
-833074.23552
-833159.18654
-833042.11895
-833351.37478
-833242.37339
-833108.46337
-833295.79349
-832923.75588
-832960.44366
-833247.30396
-832903.84118
-833215.06389
-832992.01493
-833019.94121
-832809.53485
-832931.68364
-833342.54240
-833341.27836
-833348.37924
-833122.19134
-832983.85961
-833311.39923
-833116.90701
-833443.48367
-833190.22342
-833085.62063
-832970.22276
-833359.67334
-832538.32079
-833566.60027
-833510.85181
-833173.44269
-832883.29724
-833298.31681
-832918.43246
-832826.59924
-832849.79383
-832859.46672
-832843.87769
-832909.14361
-833185.91950
-832986.68768
-832987.38430
-833363.62150
-832937.34360
-833511.49857
-833070.97901
-833475.50299
-833439.24541
-833307.42190
-832833.10591
-833445.50708
-833198.82354
-833206.19914
-833009.22779
-833044.55367
-832888.75530
-833473.52992
-832995.67924
-833184.67031
-832820.70254
-832631.63535
-833099.37120
-833070.54550
-833153.55399
-833133.94477
-833196.12041
-832841.83870
-833151.74164
-833063.35473
-832624.98112
-832997.59100
-833126.60890
-833268.42613
-833392.35210
-833127.55330
-833048.29685
-832844.92472
-833032.53284
-833133.03823
-833002.09554
-832749.95255
-833079.29188
-832995.65138
-832872.87947
-833090.57667
-833123.32345
-833459.09538
-832556.33634
-833017.23351
-833003.39135
-833030.11073
-832859.24245
-833112.86950
-832823.52576
-833146.84585
-833111.00435
-833320.38426
-833173.11139
-833225.50296
-832884.01324
-833118.54985
-833442.37016
-833221.48854
-833196.05874
-833016.95480
-832947.41790
-833056.50684
-833298.84255
-833473.50826
-833047.06718
-833126.50503
-832860.46124
-833147.36641
-833311.36192
-832996.61285
-832952.46944
-833261.77242
-833072.89117
-833309.36880
-832947.52447
-833276.18544
-833137.45318
-833167.18710
-833182.82550
-833233.22768
-833063.67177
-833293.71828
-832809.68837
-832917.75311
-833461.06614
-833009.03542
-833148.94201
-833324.78797
-833110.34290
-832924.93501
-833227.58220
-833050.74434
-832874.76664
-832875.17525
-832950.65602
-833559.59537
-833263.63421
-832882.21443
-833423.78221
-833154.59572
-833443.28741
-833423.96605
-832867.76074
-832289.86812
-832802.74107
-833163.85956
-832960.96910
-832919.04556
-833379.41068
-832868.39865
-833026.19517
-833411.86346
-833291.84254
-832994.51644
-832938.67671
-832895.05986
-832746.95314
-833313.33571
-833286.86624
-833152.63490
-832737.21822
-833184.57187
-833095.72357
-833050.18851
-832981.57386
-833101.61240
-832899.09628
-833091.29153
-833273.97443
-833123.31648
-833360.28963
-832959.04712
-832892.36745
-833290.39181
-832787.27261
-832850.94586
-832913.79439
-832987.13070
-832986.42373
-833454.68924
-833093.84830
-832821.25640
-833154.87500
-833420.83387
-832868.23705
-832855.62004
-833217.64460
-833065.89540
-832854.39552
-833062.63004
-832943.53754
-833048.12800
-832819.74622
-832993.39764
-832925.95391
-832602.80983
-833163.62156
-833027.74761
-833114.98527
-833162.01343
-832756.01263
-832918.19002
-833361.99849
-832639.28839
-833031.36179
-832962.96337
-832803.82226
-832590.23345
-832831.66977
-832760.85347
-833124.57583
-832747.92175
-833311.92955
-832582.59857
-832845.49359
-833175.89332
-833052.68449
-832874.18218
-832825.05191
-833349.81330
-833127.92463
-833387.85890
-833088.45309
-833471.75642
-832943.93738
-832607.25562
-833209.71934
-832976.48534
-832789.85894
-832563.09302
-833274.34791
-832929.69578
-832788.40158
-833506.75259
-833150.93555
-833030.36344
-833140.01593
-833370.41197
-833284.11695
-833029.85590
-833121.96960
-832766.40592
-833055.48905
-832861.95879
-832703.34413
-832536.91984
-833171.32788
-832608.27134
-833081.84169
-832825.92994
-833084.61557
-833356.65675
-833117.74381
-833120.56376
-833422.94589
-832555.12867
-833259.89277
-832863.76904
-833310.03042
-832745.26251
-832900.70483
-832916.44840
-833251.18132
-833302.60319
-833368.18789
-833464.31342
-833292.90544
-833146.78543
-833295.24756
-832866.45812
-833423.92143
-833090.67898
-833089.73992
-832780.45579
-832760.27218
-833239.00985
-832806.20822
-832971.36559
-832991.62095
-833556.12906
-833217.60043
-832913.12882
-833184.23606
-833207.35610
-833577.98780
-833423.66713
-833795.79575
-833016.48240
-833546.82988
-833391.54322
-833148.57628
-833243.25794
-833221.34780
-833007.76951
-833171.10202
-833523.67234
-833369.75870
-833178.32327
-833079.35056
-833322.27508
-833301.50876
-833339.61277
-833006.58325
-833419.96607
-833450.51077
-833264.91237
-833565.94298
-833658.44399
-833323.90536
-833265.86343
-833199.70883
-833258.08182
-833006.11033
-833324.56988
-833508.78796
-833281.10571
-833720.69993
-833288.54418
-833269.88824
-833150.45147
-833583.55495
-833479.34922
-833361.81651
-833303.24717
-833193.43376
-833373.68855
-833553.16671
-833210.77905
-833380.84902
-832955.83583
-833299.96593
-833454.44931
-833172.02717
-833404.03409
-832883.07142
-833140.23024
-833300.39875
-833410.90129
-833244.87955
-833312.30292
-833412.12766
-833349.42458
-833272.60054
-833178.95683
-833175.40486
-832816.35980
-833008.34655
-833270.79156
-833214.34495
-833473.03486
-833513.90635
-833532.72302
-833273.05554
-833104.00267
-833426.92778
-833322.73481
-833010.91735
-833563.18983
-833406.35459
-832911.50073
-833092.29258
-833625.05306
-833585.05352
-833279.58772
-833011.80085
-833233.00260
-832906.63596
-833339.96181
-833455.67489
-833160.90655
-833393.78392
-833472.07441
-832998.16866
-833320.10131
-833307.38543
-833567.67691
-833224.44592
-833221.83886
-833478.97961
-833277.86952
-833134.38197
-833317.40763
-833503.54769
-833469.31089
-833418.23509
-833496.81814
-833511.49485
-833358.46327
-833095.12932
-833272.17069
-833255.53757
-833114.40621
-833184.33001
-833531.24432
-832941.00893
-833226.86867
-833577.05462
-833201.31192
-833431.03114
-833540.17119
-833242.06804
-833261.58934
-833185.21120
-833676.58174
-833225.86364
-833533.27628
-833352.55969
-833201.16822
-833305.71247
-833132.61666
-832970.74794
-833766.02745
-833525.04613
-832865.62336
-833170.54653
-833552.56544
-833312.05145
-833638.13346
-833678.76353
-833253.56425
-833444.03404
-833347.40533
-833546.99937
-833315.44326
-833164.46689
-833403.11617
-833014.21791
-832962.61144
-833130.35974
-833716.77832
-833300.18366
-833289.35344
-833051.07506
-833243.73518
-832834.07378
-833547.85906
-833501.53354
-833169.73918
-833478.25078
-833617.07419
-832799.44045
-833095.12692
-833349.60376
-833531.66483
-833660.38013
-833386.40385
-833187.49778
-833271.11797
-833232.13322
-833247.38723
-833012.09174
-833385.36700
-833312.33932
-833824.30399
-833071.85223
-833519.80625
-833107.70069
-832977.11897
-833095.95774
-833105.02490
-833066.59378
-832876.88583
-832992.44641
-833078.16935
-833164.45144
-832676.94464
-833066.68303
-833225.51206
-833107.65100
-833321.82093
-833431.04171
-833553.79388
-832820.18565
-833025.13122
-833202.84110
-833301.64444
-833059.39986
-833329.60300
-833313.26286
-833333.15567
-833508.02914
-833229.96834
-832963.39301
-833532.88244
-832748.57865
-833078.27676
-833156.97200
-833034.14159
-833083.18445
-833140.76804
-833473.85660
-833285.63243
-832905.17933
-833372.43824
-833184.90589
-833239.50455
-833166.29505
-833218.84398
-832997.79333
-833083.16706
-833017.74439
-833394.51946
-833239.57179
-832869.73213
-833078.09605
-833199.61803
-833236.25215
-832974.56849
-833348.67891
-833399.55502
-833137.50170
-832727.80120
-833308.04770
-833395.32373
-833105.46736
-833242.71061
-833564.12737
-833198.89318
-833130.59152
-833209.37766
-833325.59730
-833324.53046
-833143.39169
-833008.13834
-833163.79251
-833043.42211
-833492.91755
-833438.41060
-832961.70731
-832943.99727
-833265.92574
-832760.74836
-833040.09647
-833367.47241
-833009.02243
-832979.09644
-832917.67543
-833227.73989
-833330.73281
-832794.78430
-833217.44406
-833168.56706
-833695.67532
-833132.31622
-833191.96950
-833065.64440
-833012.96333
-832801.42614
-833271.58108
-832894.41575
-833024.56741
-833450.35511
-833124.34195
-833116.25229
-833243.00780
-833290.93564
-832685.62354
-833427.57911
-833084.91403
-833386.55279
-833114.00852
-833079.71094
-833466.33942
-833068.90728
-832899.97929
-833089.89291
-833509.76713
-833112.97649
-833439.31810
-833396.43350
-833624.79633
-833256.32710
-833548.76452
-833231.42733
-833590.66426
-833444.30053
-833875.25500
-833487.72183
-833577.68376
-833267.55329
-833378.70166
-833392.99181
-832828.34204
-833146.73083
-833248.54290
-833288.88243
-833471.04710
-833195.58711
-833692.14446
-833348.00609
-833374.38303
-833081.02610
-833480.08527
-833066.92771
-832850.56834
-833246.34928
-833463.21278
-833438.02475
-833266.74823
-833662.83812
-833646.43563
-833017.10600
-833316.02331
-833391.38103
-833703.18265
-832711.00817
-833076.41813
-833101.63101
-832976.61244
-833377.64407
-833724.51543
-833391.58322
-833041.36351
-833004.21103
-833018.66828
-833015.46465
-833247.64748
-833371.83502
-833205.80425
-832805.53397
-833217.86531
-833118.24894
-833342.27836
-833228.30192
-833366.65108
-833702.60809
-833646.85593
-832989.84767
-833315.91549
-833829.75997
-833168.05537
-833317.85957
-833376.33955
-833469.88952
-833215.02678
-833200.69586
-833245.20980
-833490.42919
-833307.27315
-833570.09834
-832991.46889
-833271.72755
-833190.48773
-833140.38201
-833173.45180
-833642.82013
-833418.55659
-833492.37835
-833387.47646
-833734.19937
-833339.39310
-833432.68539
-833445.68444
-833881.73678
-833730.33728
-833470.97502
-833480.37988
-833522.90448
-833275.36934
-834057.40467
-833406.70042
-833463.67014
-833451.32501
-833640.38872
-833438.68919
-833481.74363
-833441.65725
-833299.72844
-833286.26013
-833345.69604
-833468.10692
-833342.98730
-833475.46477
-833400.85567
-833213.82018
-833344.53059
-833558.34421
-833488.87425
-832983.53594
-833635.19336
-833400.52592
-833487.42298
-833435.58705
-833437.83607
-833129.70159
-833327.00775
-833133.81646
-833264.58131
-833357.17679
-833379.85334
-832768.63923
-833440.39772
-833372.59625
-833627.79318
-833509.81790
-833491.67760
-833508.40189
-833193.72473
-833119.07343
-833311.69655
-833493.53969
-833177.00381
-833125.30392
-833375.31971
-833452.42033
-833376.85929
-833541.18512
-833579.78828
-833527.14391
-833479.20723
-833159.86782
-833439.84883
-833303.99158
-833334.15485
-833493.38813
-833593.69140
-833517.25662
-833177.36402
-833491.56570
-833747.76966
-833437.36403
-833709.53244
-833566.82320
-833954.10691
-833208.95451
-832982.14573
-833310.65496
-833950.58649
-833496.07464
-833174.22452
-833403.63892
-833288.89261
-833352.30635
-833078.32808
-833516.90999
-833191.39895
-833457.27031
-833551.68576
-833120.85509
-833745.96144
-833637.43454
-833641.90490
-833615.80075
-833567.41147
-833672.57480
-833432.83133
-833454.99710
-833426.29702
-833285.07101
-833253.19283
-832800.61732
-833288.37949
-833270.10384
-832867.45377
-833111.52575
-833301.07614
-833197.16510
-833501.83738
-833483.50343
-833718.84975
-833497.92453
-833444.12891
-833414.57490
-833465.77178
-832903.67805
-833221.98185
-833070.89867
-833333.25224
-833170.30586
-833102.75678
-833078.80882
-833098.03284
-833268.06563
-833172.32930
-833279.22328
-833293.53016
-833075.68613
-833336.47671
-832995.46088
-833301.17772
-833542.10258
-833640.33101
-833387.91324
-833265.50071
-833039.41370
-833090.53767
-833410.19640
-833366.46316
-833572.62383
-833156.45501
-833076.79890
-833536.60000
-833515.61005
-833574.29328
-833053.64426
-833430.51475
-833375.90570
-833416.61829
-833583.32495
-833255.28867
-833418.72306
-833859.14362
-833372.91843
-833334.19596
-833399.69566
-833646.98402
-833299.54463
-833935.14418
-833902.63798
-833359.01044
-833614.31285
-833158.47539
-833337.83336
-833529.15178
-833447.29071
-833446.72010
-833435.90152
-833219.64908
-833104.92255
-833491.83383
-833235.29785
-833379.11219
-833466.26509
-833259.85476
-833473.77847
-834011.72031
-833508.70126
-833538.57976
-833286.69330
-833280.73168
-833828.75283
-833702.06504
-833242.50103
-833327.19504
-833263.61653
-833436.75712
-832933.80194
-832895.56894
-833286.31067
-833228.07141
-833159.37691
-833357.98802
-833401.40157
-833185.17210
-833167.95977
-833052.29368
-833299.68739
-833283.92877
-833011.55680
-833084.15710
-833459.20610
-833301.63257
-833414.07392
-833161.00133
-833063.29804
-833153.73965
-833185.02576
-832822.79493
-833433.96630
-833431.68775
-833049.03653
-833564.31019
-832953.85622
-833066.90273
-833320.21716
-833022.40111
-833216.88266
-833031.29477
-832779.26505
-832812.68239
-832997.76952
-833482.41398
-833687.35671
-833205.66753
-833402.70530
-833403.80697
-832947.80939
-832962.43069
-833087.04405
-833318.59841
-833228.65413
-833424.82777
-833417.79528
-833144.39754
-833149.74294
-833084.82629
-833058.82437
-833344.89752
-833040.93561
-833374.17707
-833186.39356
-832793.73196
-832819.70350
-833340.44236
-833131.96114
-832799.00947
-833350.23017
-832523.84689
-832872.74704
-833243.68585
-833095.86017
-833371.45304
-833447.81657
-833285.40816
-833065.16089
-833150.10064
-832845.46203
-833414.88180
-833137.92045
-833068.16913
-832977.34480
-833059.00700
-833114.76775
-833157.81124
-832986.07109
-832875.19907
-833255.64971
-833040.57518
-833051.18079
-832751.70013
-832801.18356
-833222.99540
-833094.85584
-833098.35453
-833035.12256
-832653.59428
-832960.80229
-832824.21034
-833333.51150
-832975.29692
-832935.81977
-832819.44466
-833116.55975
-833167.03157
-833204.77746
-833033.10988
-833362.18523
-833351.67856
-833227.54221
-833097.95121
-833163.76023
-832925.56346
-833004.33144
-833171.69129
-833089.99485
-832930.78985
-832993.14316
-833165.76394
-832878.12776
-832942.08853
-832860.77561
-832921.80094
-833092.78366
-832893.12657
-833169.74977
-833224.92086
-832993.24032
-833197.83997
-833195.17637
-833027.74874
-833075.59916
-833158.90551
-832830.24474
-833334.60756
-832911.25386
-832973.24499
-833197.31636
-833353.09644
-833327.50185
-833089.93848
-833032.38789
-833054.21282
-833123.94423
-833282.06980
-833025.59848
-832995.12647
-833301.06634
-832892.15122
-833252.25321
-833137.22967
-832833.00260
-833100.58274
-833069.46370
-833343.66948
-833237.88275
-832774.22047
-833247.61453
-832774.46899
-833254.66736
-833244.95750
-832993.20073
-833394.33188
-833039.18026
-833178.92016
-833229.89610
-833194.99394
-832958.45131
-832894.87000
-833233.49568
