0.99528
0.99528
0.99763
0.99763
0.99763
0.99763
0.99763
0.99763
0.99763
0.99741
0.99741
0.99741
0.99741
0.99741
0.99741
0.99741
0.99741
0.99741
0.99741
0.99741
0.99741
0.99741
0.99741
0.99741
0.99741
0.99741
0.99741
0.99406
0.99406
0.99406
0.99406
0.99406
0.99406
0.99406
0.99642
0.99642
0.99642
0.98430
0.97662
0.99854
0.99854
0.99854
0.99854
0.99854
0.99854
0.99479
0.99479
0.99479
0.99996
0.99996
0.99996
0.99996
0.99996
0.99996
0.99996
0.99996
0.98775
0.98775
0.98775
0.98714
0.98714
0.98714
0.98714
0.98714
0.98714
0.99229
0.99229
0.99265
0.99265
0.99265
0.99265
0.99265
0.99551
0.99551
0.99551
0.99551
0.99551
0.99362
0.99362
0.99362
0.99362
0.99362
0.99362
0.98844
0.99670
0.99670
0.99670
0.99670
0.99670
0.99670
0.99330
0.99330
0.99330
0.99330
0.99330
0.99330
0.99330
0.99330
0.99330
0.99330
0.99330
0.99330
0.99330
0.99330
0.99071
0.99071
0.99071
0.99071
0.99071
0.99071
0.99071
0.99071
0.99071
0.99071
0.99071
0.99071
0.99071
0.99071
0.99071
0.99071
0.99071
0.99071
0.99071
0.99071
0.99071
0.99071
0.99071
0.99071
0.99071
0.99071
0.99462
0.99462
0.99462
0.99462
0.99947
0.99947
0.99947
0.99947
0.99947
0.99947
0.99890
0.99813
0.99813
0.99813
0.99909
0.99909
0.99909
0.99909
0.99909
0.99909
0.99349
0.99397
0.99397
0.99397
0.99265
0.99265
0.99265
0.99265
0.99265
0.99265
0.99265
0.99265
0.99265
0.99265
0.99265
0.99828
0.99828
0.99828
0.99828
0.99828
0.99828
0.99828
0.99828
0.99828
0.99828
0.99828
0.99828
0.99828
0.99828
0.99828
0.99828
0.99810
0.99693
0.99693
0.99693
0.99599
0.99599
0.99599
0.99696
0.99696
0.99696
0.99696
0.99696
0.99696
0.99696
0.97917
0.97917
0.97917
0.99255
0.99073
0.99073
0.99073
0.99073
0.99073
0.99055
0.99055
0.99055
0.99055
0.99055
0.99055
0.99055
0.99055
0.99055
0.99055
0.99055
0.99055
0.99055
0.99055
0.98739
0.98739
0.98739
0.98739
0.98739
0.98739
0.99205
0.99383
0.99960
0.99960
0.99843
0.99843
0.99843
0.99843
0.99693
0.99693
0.99303
0.99303
0.99303
0.99303
0.99303
0.99303
0.99303
0.99303
0.99303
0.99303
0.98373
0.98373
0.98373
0.98373
0.98373
0.98373
0.98373
0.98373
0.98022
0.98738
0.98738
0.98738
0.98738
0.98738
0.98738
0.98738
0.98738
0.98738
0.98738
0.99006
0.99006
0.99006
0.99797
0.99932
0.99669
0.99669
0.99669
0.99669
0.99669
0.99669
0.99669
0.99669
0.99669
0.99669
0.99669
0.99669
0.99669
0.99669
0.99709
0.99709
0.99709
0.99709
0.99709
0.99709
0.99709
0.99521
0.99070
0.99070
0.99070
0.99070
0.98564
0.99697
0.99697
0.99697
0.99697
0.99796
0.99796
0.99796
0.99796
0.99796
0.99796
0.99796
0.99796
0.99796
0.99796
0.99413
0.99709
0.99709
0.99709
0.99709
0.99709
0.99709
0.99709
0.99709
0.99963
0.99963
0.99963
0.99963
0.99958
0.99958
0.99958
0.99958
0.99958
0.99998
0.99998
0.99998
0.99998
0.99998
0.99998
0.99998
0.99998
0.99998
0.99998
0.99998
0.99998
0.99998
0.99998
0.99998
0.99998
0.99998
0.99998
0.99998
0.99998
0.99998
0.99960
0.99960
0.99960
0.99960
0.99960
0.99960
0.99960
0.99960
0.99960
0.99960
0.99960
0.99960
0.99368
0.99368
0.97923
0.97923
0.97923
0.97923
0.97923
0.97606
0.97606
0.98492
0.98492
0.98492
0.98698
0.98335
0.97376
0.97376
0.97376
0.97163
0.99879
0.99879
0.99561
0.99561
0.99561
0.98781
0.98781
0.98463
0.98463
0.97962
0.97962
0.97553
0.97553
0.99519
0.99519
0.99519
0.99540
0.99540
0.99540
0.99540
0.99788
0.99881
0.98480
0.98576
0.98576
0.98109
0.98109
0.97792
0.97792
0.98626
0.99531
0.99531
0.99531
0.99531
0.99952
0.99952
0.99952
0.99952
0.96849
0.96849
0.96849
0.96849
0.96849
0.98384
0.98384
0.98384
0.98384
0.97782
0.99365
0.97809
0.98823
0.97586
0.99635
0.99635
0.95533
0.95533
0.98521
0.97893
0.97893
0.97893
0.97893
0.97893
0.97918
0.96689
0.99599
0.98430
0.96821
0.98398
0.98398
0.97423
0.98550
0.98550
0.98064
0.98064
0.97641
0.97641
0.96760
0.96760
0.98070
0.98379
0.98379
0.99583
0.99515
0.99515
0.97837
0.97837
0.98842
0.98842
0.98842
0.98842
0.98842
0.99477
0.99201
0.98579
0.98579
0.98579
0.95524
0.98038
0.98038
0.98038
0.98038
0.98038
0.98038
0.98038
0.99397
0.99397
0.99148
0.97402
0.97402
0.97402
0.96990
0.97339
0.97339
0.97339
0.98562
0.99647
0.99647
0.97780
0.97780
0.97780
0.97780
0.99635
0.97291
0.98431
0.97660
0.97660
0.97660
0.97660
0.97660
0.99984
0.97924
0.99547
0.98091
0.98091
0.98091
0.98750
0.98741
0.98741
0.98693
0.99669
0.99669
0.99669
0.99669
0.99669
0.99349
0.99349
0.99349
0.99366
0.99366
0.97158
0.97158
0.97460
0.97460
0.97974
0.96784
0.99491
0.99491
0.99491
0.99491
0.98827
0.99035
0.99035
0.99035
0.99035
0.99138
0.99138
0.98529
0.98529
0.98529
0.97891
0.97891
0.97891
0.97891
0.99539
0.99539
0.99539
0.99539
0.99539
0.98667
0.98667
0.98667
0.98667
0.98667
0.99992
0.99992
0.99992
0.99992
0.99992
0.99992
0.99100
0.98479
0.98479
0.99132
0.99132
0.99132
0.99132
0.99132
0.98890
0.98890
0.98890
0.98890
0.98890
0.98890
0.98890
0.98890
0.98890
0.98890
0.98890
0.97368
0.97368
0.97368
0.97368
0.98258
0.99865
0.99865
0.98337
0.99542
0.99542
0.99542
0.99542
0.99542
0.99542
0.99867
0.99867
0.98807
0.98807
0.98807
0.98807
0.99313
0.97589
0.97589
0.97841
0.97841
0.99670
0.99670
0.99670
0.98439
0.98052
0.99500
0.99500
0.99500
0.99500
0.99500
0.99500
0.99661
0.99661
0.99626
0.99626
0.99626
0.99626
0.99626
0.99626
0.99558
0.99558
0.99558
0.99558
0.99558
0.99558
0.99558
0.99558
0.99558
0.99558
0.99558
0.99558
0.99558
0.99558
0.99558
0.99558
0.99558
0.99490
0.99436
0.99436
0.98982
0.98982
0.98982
0.98982
0.98982
0.98982
0.98982
0.99276
0.99276
0.99276
0.99077
0.98166
0.98166
0.98166
0.98166
0.99714
0.99714
0.99714
0.99714
0.99192
0.99730
0.99730
0.98148
0.98148
0.99344
0.99553
0.99810
0.99810
0.99810
0.99810
0.99810
0.99810
0.99810
0.99810
0.99810
0.97609
0.97609
0.99597
0.99597
0.99597
0.99597
0.99171
0.99171
0.99169
0.99169
0.99169
0.99169
0.99438
0.99438
0.99438
0.99438
0.99438
0.98609
0.98609
0.99431
0.99431
0.98571
0.98571
0.98329
0.98329
0.98329
0.98329
0.98329
0.98329
0.98566
0.98566
0.98566
0.99105
0.99105
0.99105
0.99105
0.99105
0.99339
0.99802
0.99802
0.99221
0.99221
0.99221
0.99221
0.98619
0.99980
0.99980
0.99980
0.99980
0.99254
0.98996
0.98996
0.98996
0.98996
0.98996
0.98996
0.98904
0.98889
0.98889
0.98889
0.98889
0.98889
0.99437
0.98898
0.98898
0.98898
0.98461
0.99932
0.99932
0.99932
0.99932
0.99932
0.99932
0.99932
0.99932
0.99932
0.99932
0.99932
0.99932
0.99932
0.99932
0.99932
0.99932
0.99932
0.99932
0.99932
0.99932
0.99932
0.99932
0.99932
0.99932
0.99516
0.99516
0.99769
0.99769
0.99769
0.99421
0.99896
0.98753
0.98753
0.98753
0.98753
0.98464
0.98464
0.98464
0.99232
0.99232
0.99232
0.99368
0.99368
0.99368
0.99368
0.99368
0.99368
0.99698
0.99698
0.99698
0.99698
0.99698
0.99698
0.98839
0.98839
0.98839
0.98839
0.98839
0.98839
0.98780
0.98780
0.98780
0.98878
0.98733
0.98733
0.97973
0.99171
0.99171
0.99171
0.99171
0.98958
0.98958
0.98958
0.98958
0.99299
0.99299
0.99299
0.99299
0.99299
0.99299
0.99571
0.99571
0.99536
0.99536
0.99536
0.99536
0.99536
0.99536
0.97756
0.96167
0.97836
0.97836
0.97836
0.99621
0.99621
0.99819
0.99819
0.99410
0.99410
0.99918
0.99629
0.99629
0.99629
0.99629
0.99629
0.98788
0.98788
0.98536
0.98536
0.98536
0.98536
0.98536
0.98007
0.97482
0.97482
0.97482
0.97482
0.99065
0.99065
0.99065
0.99065
0.99065
0.99065
0.99065
0.99065
0.99065
0.99065
0.99065
0.99065
0.99065
0.98487
0.98487
0.98487
0.98487
0.97560
0.98292
0.97976
0.99618
0.99738
0.99738
0.99738
0.99738
0.99301
0.97879
0.97879
0.97879
0.97771
0.97771
0.97771
0.97771
0.98258
0.98258
0.98657
0.98657
0.99777
0.99777
0.99777
0.99777
0.99777
0.98923
0.98815
0.98815
0.98815
0.98815
0.99886
0.99886
0.99886
0.99886
0.99886
0.99886
0.99886
0.99886
0.99173
0.97112
0.99777
0.99777
0.99777
0.99777
0.99777
0.99777
0.99777
0.99777
0.98618
0.98618
0.98618
0.98618
0.99000
0.99000
0.99000
0.98853
0.99140
0.99140
0.99140
0.99140
0.99140
0.99140
0.99140
0.99140
0.98898
0.98898
0.98898
0.99759
0.99759
0.98792
0.98792
0.98792
0.98792
0.98792
0.98792
0.98792
0.98792
0.98792
0.98792
0.98792
0.98792
0.98792
0.98792
0.98792
0.98331
0.99002
0.99002
0.99002
0.99002
0.99002
0.98120
0.98120
0.98666
0.98666
0.98666
0.98666
0.98666
0.97953
0.97897
0.97897
0.97897
0.99065
0.99065
0.99337
0.99337
0.98381
0.98227
0.98227
0.98454
0.99942
0.99571
0.99571
0.99571
0.99571
0.98720
0.98935
0.98935
0.98118
0.98118
0.98118
0.98118
0.99150
0.99524
0.99524
0.98127
0.98700
0.98948
0.98265
0.97179
0.97583
0.97583
0.95964
0.95964
0.95964
0.95964
0.99905
0.98292
0.98292
0.98651
0.99232
0.99232
0.99982
0.97509
0.97509
0.98642
0.98642
0.98642
0.98642
0.98643
0.99141
0.99141
0.99141
0.99141
0.99617
0.99617
0.97227
0.97636
0.99737
0.99737
0.99913
0.99913
0.99246
0.99246
0.98350
0.98242
0.99329
0.99432
0.99432
0.99432
0.99310
0.99310
0.98220
0.98220
0.98220
0.99671
0.99671
0.99671
0.99158
0.98284
0.98910
0.98961
0.98961
0.98961
0.97320
0.99031
0.99031
0.98388
0.98388
0.98388
0.98388
0.98388
0.98250
0.98250
0.98250
0.97631
0.95654
0.98844
0.98844
0.98844
0.98844
0.99075
0.99075
0.96833
0.99143
0.99143
0.99143
0.99143
0.97392
0.97447
0.99847
0.99847
0.99847
0.99847
0.99847
0.99467
0.98941
0.97363
0.97363
0.97363
0.98344
0.98344
0.98886
0.98886
0.98886
0.98886
0.97277
0.97277
0.97516
0.97516
0.99686
0.99686
0.99686
0.99686
0.99686
0.99719
0.99719
0.99719
0.99719
0.96983
0.96983
0.96983
0.96983
0.96983
0.99774
0.99774
0.99774
0.98559
0.99604
0.99604
0.99604
0.99928
0.98692
0.98692
0.98692
0.98692
0.98765
0.98765
0.98430
0.99138
0.99138
0.99138
0.99138
0.99138
0.99138
0.99778
0.99778
0.99778
0.98416
0.99811
0.99092
0.99092
0.99092
0.98402
0.99736
0.97688
0.97688
0.98632
0.98632
0.99240
0.99240
0.98524
0.98524
0.98524
0.98524
0.98524
0.98524
0.99979
0.99545
0.98096
0.98096
0.98657
0.98657
0.99437
0.99437
0.99437
0.99437
0.99437
0.99437
0.99437
0.99437
0.99437
0.99437
0.99437
0.99437
0.99437
0.98480
0.98480
0.98480
0.98480
0.98480
0.97693
0.97749
0.97749
0.97749
0.99227
0.99227
0.99227
0.99227
0.99227
0.99227
0.99227
0.99192
0.99192
0.99192
0.99192
0.99192
0.99192
0.97248
0.97248
0.96704
0.99485
0.98622
0.98768
0.98768
0.98162
0.98162
0.98162
0.98162
0.98162
0.98162
0.98162
0.98162
0.99209
0.98966
0.98966
0.98966
0.98966
0.98966
0.98606
0.98606
0.98606
0.98606
0.96647
0.97946
0.97946
0.97946
0.96687
0.98659
0.98080
0.96814
0.96814
0.99176
0.99176
0.98626
0.96782
0.96782
0.96088
0.96088
0.96088
0.96522
0.96522
0.96522
0.97337
0.97337
0.97337
0.97337
0.97337
0.97337
0.96954
0.96954
0.98507
0.97471
0.97471
0.97471
0.95482
0.95482
0.98429
0.96386
0.99057
0.99057
0.97834
0.98185
0.98185
0.99051
0.98275
0.99477
0.99192
0.99192
0.96753
0.98574
0.99381
0.96729
0.96729
0.97952
0.96876
0.96480
0.96480
0.96132
0.96107
0.96107
0.96636
0.98247
0.98084
0.98084
0.95826
0.96887
0.99473
0.94480
0.95418
0.97191
0.97191
0.96383
0.96567
0.96143
0.96570
0.96570
0.96570
0.96570
0.96983
0.96983
0.96983
0.97107
0.96391
0.98059
0.97940
0.98779
0.98779
0.98779
0.95541
0.96228
0.97848
0.96808
0.96886
0.96886
0.97733
0.95120
0.95120
0.94844
0.94844
0.96348
0.96348
0.96348
0.98542
0.98096
0.98307
0.98257
0.98257
0.98257
0.98257
0.98257
0.98724
0.98724
0.98724
0.98127
0.98734
0.96243
0.96929
0.96929
0.96828
0.97975
0.97975
0.97975
0.97975
0.97975
0.98147
0.96327
0.96327
0.98858
0.97839
0.97839
0.97839
0.97839
0.97839
0.97839
0.96704
0.96704
0.96704
0.97133
0.97133
0.97133
0.97133
0.97304
0.99900
0.99900
0.97975
0.97975
0.97975
0.97975
0.97975
0.96841
0.98785
0.97986
0.96363
0.94864
0.97291
0.95763
0.95763
0.97619
0.97619
0.99053
0.99053
0.97386
0.99250
0.99250
0.99250
0.99250
0.95366
0.99504
0.96141
0.96141
0.98820
0.96179
0.96179
0.96179
0.96179
0.99141
0.99141
0.99141
0.98824
0.98824
0.98824
0.97141
0.95488
0.95488
0.95488
0.96729
0.97629
0.97629
0.98855
0.94339
0.96768
0.96768
0.96768
0.96768
0.96768
0.96768
0.98941
0.95569
0.98095
0.98095
0.98095
0.96968
0.96968
0.96500
0.96500
0.96781
0.96781
0.98998
0.98457
0.98457
0.99141
0.99661
0.97587
0.97816
0.97816
0.97816
0.97661
0.98170
0.97906
0.97769
0.97769
0.97769
0.98800
0.98800
0.98800
0.98553
0.98553
0.97327
0.97327
0.98579
0.98560
0.98560
0.98862
0.98862
0.98862
0.99734
0.99734
0.99734
0.99734
0.99734
0.99734
0.99734
0.97953
0.99026
0.99026
0.99026
0.99026
0.99804
0.99804
0.99804
0.96367
0.97995
0.97995
0.97995
0.97995
0.97995
0.97995
0.98878
0.99816
0.98383
0.98383
0.99585
0.99585
0.99585
0.99585
0.99585
0.99585
0.99751
0.96914
0.98675
0.99791
0.99361
0.99361
0.99361
0.98810
0.99644
0.99644
0.98735
0.98735
0.98735
0.98735
0.99424
0.99424
0.99424
0.99424
0.98475
0.98687
0.97701
0.97701
0.99957
0.99850
0.97857
0.97857
0.96742
0.96457
0.98769
0.99907
0.99907
0.98642
0.98642
0.98642
0.98642
0.99469
0.98062
0.96206
0.96206
0.96206
0.97114
0.99313
0.99313
0.98525
0.98525
0.98525
0.98525
0.98525
0.99532
0.99532
0.99025
0.99025
0.99025
0.99025
0.99025
0.98332
0.98332
0.98332
0.98332
0.99154
0.99154
0.98897
0.96755
0.96755
0.95996
0.95996
0.99472
0.99472
0.99472
0.99472
0.96713
0.98371
0.99164
0.98447
0.98447
0.97152
0.98249
0.97143
0.97143
0.97143
0.99206
0.98559
0.98559
0.98559
0.98559
0.98559
0.98559
0.98559
0.98559
0.97648
0.97648
0.99960
0.98249
0.98249
0.98249
0.98249
0.98249
0.98249
0.98249
0.98249
0.98249
0.98249
0.98337
0.98337
0.98337
0.98413
0.98413
0.98413
0.98413
0.99583
0.99583
0.99583
0.99583
0.98108
0.98108
0.98108
0.98108
0.98108
0.98108
0.98108
0.98108
0.98108
0.98108
0.98717
0.98717
0.98717
0.98717
0.98717
0.98717
0.98717
0.98717
0.98717
0.98717
0.98717
0.98717
0.99491
0.98642
0.99095
0.98932
0.98932
0.98932
0.99266
0.99266
0.99266
0.99266
0.99266
0.99266
0.98819
0.98984
0.98984
0.98984
0.98984
0.99806
0.99806
0.99806
0.99806
0.99806
0.99806
0.99806
0.99806
0.99806
0.99806
0.99806
0.99806
0.99806
0.99806
0.99806
0.99806
0.99806
0.99843
0.99843
0.99843
0.99843
0.99843
0.98453
0.98383
0.98383
0.98248
0.99293
0.99293
0.99293
0.99293
0.99923
0.99923
0.99923
0.99923
0.99923
0.99923
0.99923
0.99923
0.99119
0.99119
0.99119
0.99119
0.98732
0.98732
0.98732
0.98732
0.98919
0.98919
0.98919
0.98919
0.98846
0.99269
0.99269
0.99269
0.99269
0.99167
0.99167
0.99167
0.99606
0.99606
0.99606
0.99638
0.99027
0.99027
0.99027
0.99027
0.98646
0.98646
0.98646
0.98886
0.98886
0.98886
0.99195
0.99195
0.99195
0.99195
0.99195
0.99910
0.99910
0.99121
0.99121
0.99121
0.98792
0.98792
0.98792
0.99707
0.99630
0.99630
0.99630
0.99630
0.99630
0.99630
0.99630
0.99630
0.99865
0.99438
0.99438
0.99438
0.99438
0.98822
0.99630
0.99630
0.99630
0.99630
0.99036
0.99036
0.99036
0.99164
0.99164
0.99164
0.99164
0.99251
0.98690
0.98690
0.98690
0.98690
0.98690
0.98690
0.98690
0.99950
0.99950
0.99692
0.99692
0.99692
0.99932
0.99932
0.99932
0.99932
0.99932
0.99932
0.99932
0.98770
0.98948
0.98948
0.98948
0.98617
0.98617
0.96233
0.99636
0.98715
0.96868
0.96868
0.98044
0.98044
0.98044
0.98044
0.97152
0.97152
0.97152
0.99412
0.99412
0.99412
0.99412
0.99412
0.99782
0.99889
0.99889
0.99921
0.99921
0.99921
0.99921
0.99921
0.99921
0.99869
0.99869
0.98966
0.99422
0.99180
0.99611
0.99611
0.99156
0.99156
0.99156
0.98710
0.98860
0.98860
0.98860
0.99970
0.99332
0.99332
0.99332
0.98831
0.98831
0.98831
0.98831
0.98831
0.98831
0.98690
0.98690
0.98690
0.98690
0.97763
0.97763
0.99241
0.99241
0.99241
0.99519
0.99519
0.99519
0.99838
0.99001
0.98789
0.98789
0.99654
0.99901
0.99901
0.99901
0.99901
0.99901
0.99901
0.99901
0.99901
0.97851
0.97851
0.97851
0.99040
0.99040
0.99040
0.99040
0.99040
0.99040
0.98811
0.98811
0.99043
0.99043
0.99043
0.98331
0.97978
0.97978
0.97978
0.97978
0.97978
0.97978
0.98003
0.98003
0.98003
0.98003
0.99617
0.99617
0.98746
0.98483
0.98483
0.98483
0.98483
0.99968
0.99968
0.99968
0.97842
0.97842
0.98571
0.98571
0.98571
0.98571
0.98571
0.99932
0.99108
0.99108
0.99108
0.99108
0.98664
0.98664
0.98664
0.98664
0.98664
0.99968
0.99968
0.99968
0.99968
0.99053
0.99053
0.99053
0.99082
0.98731
0.98731
0.98731
0.99099
0.98840
0.98840
0.98840
0.98840
0.98840
0.98840
0.98840
0.98840
0.98840
0.98840
0.98840
0.99260
0.99260
0.99501
0.99501
0.98873
0.98873
0.99585
0.99608
0.99608
0.99608
0.99608
0.99608
0.99608
0.99608
0.99693
0.99693
0.99693
0.99662
0.99662
0.99662
0.99662
0.99662
0.99662
0.99662
0.99662
0.99662
0.99662
0.99662
0.99662
0.99662
0.99662
0.99662
0.99662
0.99391
0.99391
0.99391
0.99391
0.99391
0.99391
0.99328
0.99328
0.98532
0.98532
0.98532
0.98532
0.98532
0.98532
0.99448
0.99448
0.99448
0.99448
0.99448
0.99448
0.99448
0.99684
0.99684
0.99684
0.98697
0.98697
0.99701
0.99701
0.99183
0.99743
0.99743
0.99743
0.99743
0.96977
0.96977
0.98229
0.97644
0.97644
0.97644
0.97644
0.97644
0.98287
0.98287
0.99818
0.99818
0.99818
0.99818
0.99818
0.99818
0.98468
0.99499
0.99499
0.99499
0.99499
0.99499
0.99499
0.99499
0.99418
0.99418
0.98625
0.98625
0.98447
0.98447
0.98447
0.98447
0.98447
0.99883
0.99883
0.99778
0.99778
0.99778
0.99778
0.99539
0.99539
0.99539
0.99539
0.99767
0.99767
0.99767
0.99767
0.98693
0.98693
0.98693
0.99524
0.99524
0.99524
0.99524
0.99524
0.99064
0.99511
0.98980
0.99938
0.99938
0.99938
0.99918
0.99918
0.99918
0.99918
0.99918
0.99883
0.98085
0.98173
0.98173
0.98173
0.98173
0.98173
0.98173
0.99433
0.99433
0.99081
0.99298
0.99298
0.99298
0.99204
0.99204
0.99204
0.99204
0.99920
0.99920
0.99920
0.99920
0.98453
0.98453
0.98453
0.98453
0.98453
0.98060
0.98060
0.98060
0.98060
0.98060
0.99543
0.99543
0.99543
0.99543
0.99543
0.99543
0.99543
0.99543
0.99543
0.99543
0.99132
0.99132
0.99132
0.99132
0.99132
0.99132
0.99132
0.99132
0.99132
0.99132
0.99132
0.98311
0.98311
0.98311
0.97651
0.97651
0.97651
0.97651
0.99118
0.99118
0.99118
0.99539
0.99391
0.99391
0.97616
0.97693
0.99644
0.99644
0.99349
0.99666
0.99666
0.99666
0.99703
0.99703
0.99703
0.99703
0.99703
0.99703
0.99703
0.99703
0.99703
0.99703
0.99703
0.99703
0.99703
0.99703
0.99703
0.99703
0.99703
0.98602
0.98602
0.98010
0.98010
0.98010
0.98010
0.98010
0.98273
0.98493
0.99010
0.99010
0.99931
0.99931
0.99931
0.99727
0.99900
0.99900
0.99900
0.99484
0.99484
0.99484
0.99484
0.99484
0.99484
0.99927
0.99927
0.99927
0.99927
0.99927
0.99927
0.99927
0.99927
0.99927
0.99927
0.99927
0.99927
0.99927
0.99927
0.99927
0.99927
0.99927
0.99069
0.99069
0.99069
0.99069
0.99069
0.99069
0.98825
0.99571
0.99571
0.99571
0.99571
0.99571
0.99571
0.99665
0.99665
0.99665
0.99665
0.99665
0.99665
0.99665
0.99665
0.99665
0.99665
0.99665
0.99665
0.99665
0.99665
0.99323
0.99323
0.99378
0.99378
0.99378
0.99378
0.99481
0.99481
0.99481
0.99912
0.99912
0.99912
0.99755
0.99238
0.99238
0.99238
0.99238
0.99238
0.99238
0.99238
0.99238
0.99238
0.99238
0.99168
0.99121
0.99121
0.99121
0.99121
0.99121
0.99121
0.99121
0.99121
0.99121
0.99121
0.99121
0.99121
0.99121
0.99121
0.99121
0.99121
0.99121
0.99121
0.99121
0.99121
0.99121
0.99121
0.99121
0.99121
0.99121
0.99121
0.99121
0.99121
0.99121
0.99121
0.99304
0.99304
0.99304
0.99304
0.99304
0.99304
0.99304
0.99304
0.99304
0.99304
0.99304
0.99304
0.99304
0.99304
0.99304
0.99304
0.99304
0.99304
0.99304
0.98729
0.98729
0.98729
0.98729
0.98729
0.98729
0.98729
0.99672
0.99672
0.99672
0.99672
0.99672
0.99672
0.99672
0.99672
0.99672
0.99672
0.99672
0.99643
0.99613
0.99613
0.99613
0.99613
0.99613
0.99613
0.99613
0.99613
0.99613
0.99613
0.99613
0.99451
0.99451
0.99451
0.99451
0.99390
0.99390
0.99390
0.99786
0.99786
0.99786
0.99786
0.99786
0.99786
0.99786
0.99786
0.99786
0.99786
0.99786
0.99786
0.99786
0.99786
0.99786
0.99786
0.99786
0.99786
0.99786
0.99786
0.99786
0.99786
0.99786
0.99786
0.99786
0.99786
0.99786
0.99786
0.99786
0.99786
0.99786
0.99786
0.99786
0.99786
0.99786
0.99786
0.99786
0.99786
0.99786
0.99786
0.99786
0.99786
0.99786
0.99786
0.99786
0.99786
0.99786
0.99713
0.99713
0.99952
0.99952
0.99952
0.99676
0.99676
0.99971
0.99971
0.99971
0.99971
0.99971
0.99971
0.99971
0.99971
0.99971
0.99971
0.99971
0.99971
0.99971
0.99971
0.99971
0.99971
0.99971
0.99971
0.99971
0.99971
0.99971
0.99971
0.99971
0.99971
0.99971
0.99971
0.99971
0.99971
0.99971
0.99971
0.99740
0.99654
0.99654
0.99654
0.99633
0.99633
0.99633
0.99633
0.99633
0.99633
0.99636
0.99636
0.99636
0.99636
0.99636
0.99636
0.99436
0.99436
0.99436
0.99436
0.99436
0.99436
0.99647
0.99647
0.99647
0.99647
0.99647
0.99647
0.99647
0.99647
0.99647
0.99758
0.99758
0.99984
0.99984
0.99984
0.99984
0.99984
0.99984
0.99984
0.99984
0.99926
0.99926
0.99926
0.99926
0.99926
0.99951
0.99951
0.99951
0.99948
0.99948
0.99948
0.99948
0.99948
0.99948
0.99948
0.99948
0.99948
0.99948
0.99948
0.99948
0.99948
0.99948
0.99948
0.99948
0.99948
0.99948
0.99948
0.99948
0.99948
0.99948
0.99948
0.99948
0.99948
0.99948
0.99948
0.99948
0.99948
0.99948
0.99948
0.99948
0.99948
0.99948
0.99948
0.99948
0.99948
0.99948
0.99948
0.99948
0.99948
0.99948
0.99948
0.99948
0.99948
0.99948
0.99948
0.99948
0.99948
0.99948
0.99963
0.99963
0.99963
0.99963
0.99963
0.99963
0.99963
0.99963
0.99963
0.99963
0.99963
0.98904
0.98904
0.98904
0.98904
0.98904
0.98904
0.98904
0.98904
0.98904
0.98904
0.98904
0.98904
0.98904
0.98904
0.98904
0.98904
0.98904
0.99952
0.99952
0.99952
0.99952
0.99952
0.99952
0.99952
0.99738
0.99542
0.99542
0.99542
0.99542
0.99477
0.99477
0.99477
0.99386
0.99386
0.99099
0.99366
0.99366
0.99366
0.99366
0.99826
0.99826
0.99826
0.99826
0.99833
0.99833
0.99833
0.99833
0.99833
0.99945
0.99945
0.99945
0.99945
0.99945
0.99945
0.99945
0.99945
0.99945
0.99945
0.99945
0.99945
0.99945
0.99945
0.99945
0.99945
0.99959
0.99959
0.99959
0.99107
0.99107
0.99107
0.99107
0.99107
0.99107
0.99107
0.99107
0.99107
0.99847
0.99847
0.99878
0.99878
0.99878
0.99878
0.99878
0.99878
0.98872
0.98872
0.98872
0.98872
0.99665
0.99665
0.99665
0.99665
0.99665
0.99665
0.99665
0.99665
0.99665
0.99665
0.99665
0.99665
0.99665
0.99665
0.99665
0.99665
0.99665
0.99446
0.99446
0.99711
0.99711
0.99711
0.99711
0.99711
0.99711
0.99711
0.99711
0.99711
0.99711
0.99711
0.99475
0.99373
0.99373
0.99951
0.99951
0.99951
0.99781
0.99781
0.99781
0.99781
0.99781
0.99781
0.98934
0.98934
0.99314
0.99314
0.99229
0.98545
0.98545
0.98545
0.98545
0.98545
0.98545
0.98545
0.98545
0.98545
0.98545
0.98545
0.98545
0.98545
0.98545
0.98545
0.99212
0.99212
0.99212
0.99212
0.99657
0.99657
0.99657
0.99657
0.99657
0.99657
0.99657
0.99657
0.99657
0.99657
0.99657
0.99657
0.99657
0.99657
0.99657
0.99657
0.99657
0.99657
0.99657
0.99150
0.99150
0.99150
0.99150
0.99150
0.98836
0.98836
0.98836
0.99687
0.99687
0.99687
0.99687
0.99687
0.99687
0.99687
0.99687
0.99687
0.99687
0.99687
0.99687
0.99687
0.99687
0.99687
0.99687
0.99687
0.99687
0.99793
0.99793
0.98813
0.98813
0.98680
0.98680
0.98680
0.98680
0.98680
0.98680
0.98680
0.98680
0.98680
0.98680
0.98680
0.98680
0.98680
0.98680
0.98680
0.98680
0.98680
0.98680
0.98680
0.98680
0.98680
0.98680
0.99067
0.99114
0.99667
0.99667
0.99875
0.99875
0.99875
0.99875
0.99875
0.99875
0.99875
0.99875
0.99875
0.99875
0.99875
0.99875
0.99875
0.99875
0.99875
0.99875
0.99875
0.99875
0.99875
0.99875
0.99875
0.99043
0.99043
0.99043
0.98650
0.97852
0.99635
0.99635
0.99635
0.99635
0.99635
0.99635
0.99635
0.99259
0.99259
0.99461
0.99461
0.99461
0.99461
0.99461
0.99461
0.99461
0.99461
0.99461
0.99461
0.99507
0.99507
0.99532
0.99532
0.99532
0.99672
0.99672
0.99672
0.99672
0.99746
0.99746
0.99411
0.99411
0.99411
0.99411
0.99411
0.99356
0.99356
0.99270
0.99837
0.99837
0.98540
0.99278
0.99165
0.99204
0.99281
0.99281
0.99281
0.99847
0.99847
0.99847
0.99854
0.99854
0.99854
0.99854
0.99854
0.99854
0.99854
0.99854
0.99854
0.99854
0.99854
0.99854
0.99854
0.99974
0.99974
0.99974
0.99974
0.99974
0.99974
0.99974
0.99974
0.99974
0.99974
0.99974
0.99026
0.99026
0.98922
0.98922
0.98922
0.98738
0.98738
0.98738
0.98738
0.98738
0.98738
0.98738
0.98738
0.98738
0.98738
0.98738
0.98738
0.99061
0.99061
0.99061
0.99061
0.99121
0.99121
0.99121
0.99356
0.99356
0.99356
0.99356
0.99356
0.99356
0.99930
0.99930
0.99866
0.99866
0.99866
0.99866
0.99866
0.99866
0.99866
0.99866
0.99866
0.99866
0.99866
0.99866
0.99866
0.99882
0.99882
0.99882
0.99882
0.99882
0.99882
0.99882
0.99882
0.99882
0.99644
0.99644
0.99644
0.99644
0.99644
0.99936
0.99936
0.99936
0.99700
0.99700
0.99873
0.99873
0.99873
0.99873
0.99873
0.99335
0.99335
0.99335
0.99335
0.99335
0.98616
0.98616
0.98616
0.99561
0.99561
0.99561
0.99561
0.99796
0.99462
0.99462
0.99462
0.99739
0.99739
0.99818
0.99818
0.99818
0.99477
0.99477
0.99477
0.99477
0.99451
0.99451
0.99451
0.99451
0.99451
0.99923
0.99642
0.99642
0.99642
0.99642
0.99642
0.99642
0.99642
0.99642
0.99642
0.99642
0.99642
0.99642
0.99622
0.99600
0.99600
0.99600
0.99600
0.99600
0.99600
0.99600
0.99600
0.99600
0.99310
0.99310
0.99310
0.99310
0.99873
0.99873
0.99873
0.99873
0.99873
0.99873
0.99873
0.99873
0.99873
0.99873
0.99688
0.99688
0.99688
0.99688
0.99061
0.99061
0.99061
0.99061
0.99061
0.99061
0.99061
0.99061
0.98733
0.98733
0.98881
0.98881
0.98881
0.98881
0.99199
0.99018
0.99018
0.99018
0.99018
0.99018
0.98983
0.98983
0.98983
0.98983
0.98983
0.98983
0.98983
0.98464
0.98464
0.98464
0.98464
0.98464
0.99045
0.99045
0.99045
0.99540
0.99022
0.99022
0.99022
0.98552
0.99450
0.99856
0.99856
0.99646
0.99646
0.99646
0.99523
0.99523
0.99523
0.99523
0.99523
0.99858
0.99858
0.99858
0.99858
0.99858
0.99858
0.99858
0.99858
0.99858
0.99858
0.99858
0.99858
0.99858
0.99858
0.99858
0.99961
0.99853
0.99853
0.99853
0.99853
0.99853
0.99853
0.97912
0.97912
0.97912
0.98339
0.98339
0.99664
0.99664
0.99664
0.98077
0.98077
0.98077
0.98077
0.98077
0.99598
0.99598
0.99598
0.99598
0.99598
0.99598
0.99598
0.99542
0.99098
0.99098
0.99098
0.99098
0.99098
0.99098
0.99098
0.99098
0.99098
0.99098
0.99098
0.99098
0.99098
0.99098
0.99098
0.99098
0.99098
0.99098
0.99098
0.99098
0.99098
0.99098
0.99098
0.99098
0.99502
0.99502
0.99502
0.99116
0.99116
0.99116
0.98555
0.98555
0.98555
0.99487
0.99487
0.99487
0.99693
0.99693
0.99693
0.99693
0.99693
0.98328
0.98328
0.98328
0.98560
0.98560
0.98560
0.98560
0.98560
0.97910
0.97910
0.99300
0.99300
0.99300
0.99300
0.99300
0.99300
0.99300
0.99300
0.99300
0.98438
0.98438
0.98438
0.98354
0.98354
0.98354
0.98354
0.98354
0.98354
0.99438
0.99438
0.99438
0.99438
0.99438
0.99438
0.99841
0.99841
0.99841
0.99733
0.99733
0.99733
0.99733
0.99733
0.99733
0.99733
0.99733
0.99733
0.99733
0.99733
0.99733
0.99733
0.99576
0.99281
0.99281
0.98961
0.98961
0.98961
0.98961
0.98961
0.99646
0.99646
0.99646
0.99646
0.99704
0.98756
0.98756
0.98756
0.98756
0.98756
0.98741
0.98741
0.99249
0.99154
0.99154
0.98971
0.98971
0.98525
0.98525
0.98525
0.98525
0.98525
0.98525
0.98525
0.99503
0.99503
0.99608
0.99059
0.99059
0.99059
0.99059
0.99059
0.99059
0.99059
0.99059
0.99059
0.99059
0.99059
0.99059
0.99059
0.98972
0.99416
0.99416
0.99945
0.99945
0.99945
0.99921
0.99921
0.99921
0.99921
0.99921
0.99923
0.99923
0.99212
0.99212
0.98928
0.98928
0.99028
0.99028
0.99234
0.99234
0.99234
0.98692
0.98288
0.99076
0.99076
0.99076
0.99833
0.99833
0.99833
0.99833
0.99607
0.99607
0.99607
0.99607
0.99607
0.99607
0.99607
0.99607
0.99354
0.99271
0.99638
0.99638
0.99638
0.99638
0.99638
0.99733
0.99733
0.99733
0.99733
0.99733
0.99733
0.99733
0.99733
0.99733
0.99733
0.99733
0.99733
0.99733
0.99733
0.99733
0.99733
0.99733
0.99733
0.99733
0.99733
0.99733
0.99733
0.99733
0.99536
0.99536
0.99536
0.99536
0.99536
0.99536
0.99536
0.99696
0.99696
0.99696
0.99696
0.99696
0.99696
0.99696
0.99696
0.99696
0.99490
0.99490
0.98656
0.98656
0.98720
0.98706
0.98706
0.99124
0.97999
0.97999
0.99527
0.99527
0.99527
0.99527
0.99840
0.99840
0.99840
0.99840
0.99840
0.99840
0.99840
0.99840
0.99840
0.99840
0.99840
0.99840
0.99840
0.99557
0.99557
0.99557
0.99557
0.99557
0.99557
0.99557
0.99557
0.99557
0.99557
0.99557
0.99557
0.99376
0.99376
0.99376
0.99565
0.99565
0.99565
0.99565
0.99565
0.99565
0.99565
0.99565
0.99565
0.99565
0.99575
0.99270
0.99270
0.99270
0.99270
0.99270
0.99270
0.99270
0.99270
0.99270
0.99270
0.99270
0.99270
0.99080
0.99599
0.99599
0.99599
0.99599
0.99599
0.99599
0.99488
0.99736
0.99736
0.99736
0.99736
0.99736
0.99868
0.99868
0.99868
0.99868
0.99868
0.99868
0.99868
0.99868
0.99868
0.99868
0.99868
0.99868
0.99868
0.99868
0.99868
0.99868
0.99868
0.99868
0.99166
0.99166
0.99166
0.99166
0.99465
0.99465
0.99723
0.99723
0.99723
0.99723
0.99723
0.99723
0.99723
0.98205
0.98205
0.98779
0.98779
0.98779
0.98779
0.98779
0.98779
0.98779
0.99658
0.99658
0.99562
0.99495
0.99495
0.99604
0.99604
0.99604
0.99604
0.99604
0.99604
0.99604
0.99863
0.99644
0.99644
0.99644
0.99644
0.99644
0.99644
0.99644
0.99644
0.99644
0.99644
0.99644
0.99644
0.99644
0.98609
0.98368
0.98368
0.98368
0.98368
0.99534
0.99534
0.99314
0.98861
0.98861
0.98861
0.98861
0.97115
0.97115
0.97115
0.99519
0.99684
0.99684
0.99684
0.99684
0.99684
0.99684
0.99684
0.99684
0.99684
0.99684
0.99684
0.99396
0.99741
0.99741
0.99741
0.99741
0.99741
0.99741
0.99741
0.99741
0.99741
0.99741
0.99741
0.99741
0.99741
0.98454
0.98934
0.98934
0.98934
0.98934
0.99881
0.99881
0.99881
0.99881
0.99881
0.99881
0.99881
0.99881
0.99881
0.99881
0.99881
0.99881
0.99881
0.99881
0.99881
0.99881
0.99881
0.99881
0.99881
0.99881
0.99881
0.99881
0.99881
0.99881
0.99881
0.99881
0.99881
0.99881
0.99881
0.99881
0.99881
0.99881
0.99881
0.99881
0.99881
0.99881
0.99881
0.99881
0.99881
0.99881
0.99881
0.99881
0.99881
0.99881
0.99881
0.99881
0.99881
0.99881
0.99881
0.99951
0.99951
0.99951
0.99951
0.99951
0.99951
0.99951
0.99951
0.99951
0.99951
0.99951
0.99951
0.99951
0.99951
0.99951
0.99951
0.99951
0.99679
0.99679
0.99798
0.99798
0.99798
0.99798
0.99616
0.99616
0.99616
0.99616
0.99616
0.99616
0.99616
0.99848
0.99848
0.99848
0.99848
0.99848
0.99848
0.99848
0.99848
0.99848
0.99848
0.99683
0.99683
0.99733
0.99545
0.99545
0.99545
0.99545
0.99545
0.99545
0.99545
0.99545
0.99545
0.99545
0.99545
0.99545
0.99578
0.99578
0.99695
0.99695
0.99695
0.99695
0.99695
0.99695
0.99695
0.99695
0.99695
0.99695
0.99695
0.99159
0.99159
0.99159
0.99159
0.99451
0.99451
0.99451
0.99451
0.99570
0.98915
0.98915
0.98915
0.98915
0.98915
0.97474
0.97474
0.97800
0.97800
0.98912
0.99101
0.99719
0.99719
0.99719
0.99719
0.99719
0.99719
0.99719
0.99719
0.99154
0.99154
0.99154
0.99154
0.99154
0.99154
0.99154
0.99953
0.99953
0.99953
0.99953
0.99950
0.99950
0.99950
0.99293
0.99293
0.99606
0.99606
0.99606
0.99606
0.99606
0.99489
0.99489
0.99489
0.99489
0.99556
0.99556
0.99556
0.99556
0.99556
0.99556
0.99556
0.99556
0.99556
0.99720
0.99720
0.99720
0.99720
0.99720
0.99720
0.99078
0.99078
0.99078
0.99985
0.99985
0.99985
0.99985
0.99985
0.99985
0.99985
0.99985
0.99985
0.99985
0.99985
0.99621
0.99621
0.99621
0.99621
0.99621
0.99621
0.99621
0.99621
0.99621
0.99621
0.99621
0.99621
0.99204
0.99204
0.99204
0.99360
0.99360
0.99360
0.99360
0.99360
0.99360
0.99360
0.99360
0.99360
0.99360
0.99360
0.99360
0.99655
0.99655
0.99655
0.99655
0.99655
0.99832
0.99832
0.99832
0.99832
0.99832
0.99832
0.99832
0.99832
0.99832
0.99832
0.99832
0.99832
0.99832
0.99832
0.99832
0.99832
0.99832
0.99832
0.99832
0.99832
0.99832
0.99832
0.99832
0.99832
0.99832
0.99832
0.99832
0.99832
0.99832
0.99832
0.99832
0.99832
0.99832
0.99832
0.99832
0.98856
0.98474
0.98474
0.98474
0.98474
0.98474
0.98474
0.98474
0.99016
0.99016
0.99016
0.99546
0.99546
0.99546
0.99546
0.99546
0.99546
0.99546
0.99546
0.98358
0.98358
0.98864
0.99364
0.99713
0.99764
0.99764
0.99764
0.99955
0.99955
0.99955
0.99955
0.99955
0.99955
0.99955
0.99955
0.99955
0.99955
0.99955
0.99896
0.99896
0.99896
0.99896
0.99896
0.99896
0.99896
0.99896
0.99896
0.99896
0.99896
0.99465
0.99748
0.99748
0.99748
0.99748
0.99748
0.99748
0.99748
0.99748
0.99748
0.99824
0.99824
0.99824
0.99824
0.99824
0.99824
0.99824
0.99824
0.99824
0.99579
0.99579
0.99579
0.99579
0.98712
0.98712
0.98712
0.99520
0.99427
0.99427
0.99427
0.99427
0.99427
0.99427
0.99427
0.99427
0.99427
0.99427
0.99427
0.99427
0.99427
0.99427
0.99427
0.99427
0.99427
0.99427
0.99427
0.99427
0.99427
0.99427
0.99427
0.99427
0.99427
0.99427
0.99427
0.99466
0.99466
0.99466
0.99466
0.99523
0.99523
0.99523
0.99523
0.99523
0.99523
0.99558
0.99558
0.99558
0.99558
0.99558
0.99558
0.99558
0.99558
0.99558
0.99558
0.99455
0.99455
0.99799
0.99799
0.99799
0.99799
0.99799
0.99799
0.99799
0.99799
0.99799
0.99799
0.99799
0.99799
0.99799
0.99799
0.99799
0.99799
0.99799
0.99799
0.99799
0.99799
0.99799
0.99799
0.99799
0.99799
0.99799
0.99799
0.99799
0.99799
0.99799
0.99802
0.99802
0.99802
0.99802
0.99802
0.99802
0.99952
0.99952
0.99952
0.99795
0.99795
0.99795
0.99795
0.99795
0.99795
0.99795
0.99830
0.99830
0.99830
0.99830
0.99830
0.99830
0.99830
0.99830
0.99830
0.99830
0.99830
0.99830
0.99830
0.99830
0.99830
0.99830
0.99830
0.99830
0.99830
0.99830
0.99905
0.99905
0.99905
0.99905
0.99905
0.99905
0.99905
0.99905
0.99905
0.99905
0.99905
0.99905
0.99905
0.99905
0.99905
0.99905
0.99905
0.99905
0.99905
0.99956
0.99956
0.99956
0.99956
0.99956
0.99956
0.99956
0.99956
0.99956
0.99956
0.99956
0.99956
0.99956
0.99956
0.99956
0.99956
0.99956
0.99956
0.99956
0.99956
0.99956
0.99956
0.99956
0.99956
0.99956
0.99956
0.99956
0.99956
0.99956
0.99956
0.99956
0.99956
0.99956
0.99956
0.99956
0.99956
0.99956
0.99956
0.99956
0.99956
0.99956
0.99956
0.99956
0.99956
0.99956
0.99956
0.99956
0.99956
0.99462
0.99462
0.99462
0.99935
0.99935
0.99935
0.99935
0.99935
0.99935
0.99935
0.98795
0.99765
0.99765
0.99765
0.99765
0.99765
0.99765
0.99765
0.99765
0.99765
0.99994
0.99994
0.99994
0.99994
0.99994
0.99994
0.99994
0.99994
0.99994
0.99994
0.99994
0.99994
0.99994
0.99994
0.99994
0.99994
0.99994
0.99994
0.99994
0.99994
0.99994
0.99994
0.99994
0.99994
0.99994
0.99994
0.99994
0.99994
0.99994
0.99994
0.99994
0.99994
0.99994
0.99994
0.99994
0.99994
0.99994
0.99994
0.99994
0.99994
0.99994
0.99994
0.99994
0.99788
0.99788
0.99788
0.99788
0.99788
0.99788
0.99788
0.99788
0.99788
0.99788
0.99788
0.99788
0.99788
0.99788
0.99788
0.99788
0.99788
0.99788
0.99788
0.99788
0.99788
0.99788
0.99727
0.99793
0.99793
0.99793
0.99793
0.99242
0.99242
0.99242
0.99571
0.99571
0.99571
0.99571
0.99571
0.99571
0.99571
0.99571
0.99571
0.99431
0.99431
0.99431
0.99431
0.99431
0.99431
0.99431
0.99431
0.99431
0.99431
0.99431
0.99431
0.99240
0.99826
0.99826
0.99826
0.99826
0.99826
0.99826
0.99623
0.99623
0.99623
0.99623
0.99623
0.99623
0.99623
0.98807
0.98807
0.98788
0.98788
0.99598
0.99598
0.99598
0.99598
0.99598
0.99598
0.99598
0.99598
0.99598
0.99598
0.99598
0.99598
0.99774
0.99774
0.99774
0.99774
0.99774
0.99774
0.99774
0.99774
0.99774
0.99774
0.99774
0.99774
0.99774
0.99873
0.99873
0.99873
0.99873
0.99873
0.99932
0.99827
0.99827
0.99827
0.99827
0.99827
0.99513
0.99513
0.99513
0.99093
0.99530
0.99530
0.99530
0.99530
0.99530
0.99530
0.99530
0.99530
0.99866
0.99866
0.99866
0.99866
0.99866
0.99866
0.99866
0.99866
0.99866
0.99866
0.99866
0.99866
0.99866
0.99808
0.99808
0.99932
0.99932
0.99932
0.99354
0.99401
0.99109
0.99109
0.99109
0.99109
0.99109
0.99109
0.99109
0.99109
0.99109
0.99109
0.99109
0.99109
0.99758
0.99758
0.99758
0.99758
0.99758
0.99758
0.99758
0.99758
0.99758
0.99758
0.99758
0.99758
0.99758
0.99758
0.99758
0.99758
0.99758
0.99758
0.99758
0.99758
0.99758
0.99758
0.99758
0.99758
0.99758
0.99758
0.99758
0.99758
0.99758
0.99758
0.99758
0.99758
0.99758
0.99758
0.99758
0.99758
0.99758
0.99758
0.99758
0.99758
0.99913
0.99913
0.99913
0.99913
0.99913
0.99913
0.99913
0.99913
0.99913
0.99913
0.99913
0.99913
0.99913
0.99898
0.99898
0.99898
0.99898
0.99898
0.99898
0.99898
0.99898
0.99898
0.99898
0.99898
0.99898
0.99578
0.99578
0.99578
0.99578
0.99578
0.99578
0.99578
0.99578
0.99578
0.99578
0.99578
0.99578
0.99578
0.99578
0.99578
0.99578
0.99578
0.99578
0.99578
0.99578
0.99578
0.99578
0.99578
0.99578
0.99578
0.99578
0.99578
0.99578
0.99578
0.99578
0.99578
0.99815
0.99815
0.99815
0.99815
0.99815
0.99815
0.99815
0.99815
0.99815
0.99815
0.99997
0.99997
0.99997
0.99997
0.99997
0.99997
0.99997
0.99997
0.99997
0.99997
0.99997
0.99997
0.99997
0.99997
0.99997
0.99997
0.99997
0.99997
0.99997
0.99997
0.99997
0.99997
0.99997
0.99997
0.99997
0.99997
0.99997
0.99997
0.99997
0.99997
0.99952
0.99952
0.99952
0.99952
0.99952
0.99978
0.99806
0.99806
0.99806
0.99806
0.99806
0.99806
0.99806
0.99580
0.99580
0.99580
0.99580
0.99580
0.99580
0.99580
0.99580
0.99580
0.99580
0.99580
0.99580
0.99580
0.99580
0.99580
0.99580
0.99580
0.99580
0.99580
0.99580
0.99580
0.99580
0.99580
0.99580
0.99580
0.99580
0.99128
0.99467
0.99467
0.99467
0.99467
0.99467
0.99467
0.99467
0.99467
0.99467
0.99467
0.99467
0.99467
0.99467
0.99467
0.99467
0.99467
0.99467
0.99678
0.99620
0.99620
0.99620
0.99620
0.99620
0.99492
0.99492
0.99492
0.99492
0.99492
0.99583
0.99583
0.99583
0.99583
0.99583
0.99583
0.99583
0.99583
0.99583
0.99583
0.99583
0.99583
0.99583
0.99826
0.99826
0.99826
0.99826
0.99826
0.99826
0.99826
0.99826
0.99826
0.99826
0.99826
0.99826
0.99826
0.99826
0.99826
0.99826
0.99826
0.99421
0.99421
0.99421
0.99421
0.99421
0.99441
0.99926
0.99926
0.99926
0.99926
0.99460
0.99460
0.99460
0.99460
0.99460
0.99460
0.99460
0.99460
0.99460
0.99482
0.99734
0.99734
0.99734
0.99734
0.99734
0.99734
0.99734
0.99734
0.99734
0.99734
0.99734
0.99734
0.99734
0.99734
0.99734
0.99734
0.99734
0.99734
0.99734
0.99734
0.99734
0.99987
0.99987
0.99987
0.99987
0.99987
0.99987
0.99987
0.99987
0.99987
0.99987
0.99987
0.99987
0.99987
0.99987
0.99987
0.99987
0.99987
0.99987
0.99987
0.99987
0.99987
0.99987
0.99987
0.99987
0.99987
0.99987
0.99987
0.99987
0.99987
0.99987
0.99987
0.99987
0.99987
0.99987
0.99987
0.99987
0.99987
0.99987
0.99987
0.99987
0.99987
0.99987
0.99987
0.99987
0.99987
0.99987
0.99987
0.99987
0.99987
0.99987
0.99987
0.99987
0.99987
0.99987
0.99987
0.99987
0.99987
0.99987
0.99987
0.99987
0.99881
0.99881
0.99881
0.99881
0.99881
0.99881
0.99881
0.99881
0.99881
0.99881
0.99881
0.99881
0.99881
0.99881
0.99881
0.99881
0.99881
0.99881
0.99881
0.99881
0.99881
0.99836
0.99836
0.99836
0.99836
0.99448
0.99448
0.99448
0.99448
0.99448
0.99448
0.99531
0.99531
0.99405
0.99405
0.99405
0.99405
0.99405
0.99405
0.99184
0.99184
0.99184
0.99184
0.99184
0.99184
0.99184
0.99184
0.99184
0.99060
0.99060
0.99060
0.99060
0.99795
0.99795
0.99795
0.99795
0.99384
0.99384
0.99384
0.99011
0.99011
0.99011
0.99011
0.99011
0.99011
0.99011
0.99266
0.99266
0.99266
0.99266
0.99266
0.99266
0.99266
0.99266
0.98834
0.98834
0.98834
0.98834
0.99335
0.99335
0.99502
0.99803
0.99803
0.99817
0.99817
0.98961
0.98961
0.98961
0.99950
0.99950
0.99896
0.99896
0.99896
0.99896
0.99896
0.99896
0.99896
0.99896
0.99896
0.99896
0.99896
0.99896
0.99896
0.99896
0.99896
0.99896
0.99896
0.99896
0.99896
0.99896
0.99896
0.99668
0.99668
0.99668
0.99668
0.99668
0.99668
0.99668
0.99668
0.99668
0.99668
0.99982
0.99982
0.99982
0.99982
0.99982
0.99982
0.99982
0.99982
0.99982
0.99982
0.99982
0.99982
0.99982
0.99982
0.99982
0.99982
0.99982
0.99982
0.99982
0.99982
0.99982
0.99982
0.99982
0.99982
0.99982
0.99850
0.99741
0.99667
0.99667
0.99667
0.99667
0.99667
0.99667
0.99281
0.99633
0.99633
0.99633
0.99633
0.99633
0.99633
0.99583
0.99583
0.99583
0.99583
0.99462
0.99462
0.99462
0.99462
0.99462
0.99462
0.99462
0.99462
0.99462
0.99462
0.99462
0.99462
0.99462
0.99462
0.99462
0.99771
0.99771
0.99771
0.99771
0.99771
0.99771
0.99771
0.99771
0.99771
0.99771
0.99771
0.99771
0.99771
0.99771
0.99771
0.99771
0.99771
0.99771
0.99771
0.99771
0.99771
0.99771
0.99931
0.99931
0.99931
0.99931
0.99931
0.99854
0.99854
0.99854
0.99854
0.99729
0.99729
0.99657
0.99657
0.99657
0.99657
0.99657
0.99567
0.99567
0.99701
0.99701
0.99701
0.99701
0.99701
0.99701
0.99701
0.99701
0.99701
0.99701
0.99701
0.99701
0.99701
0.99701
0.99701
0.99701
0.99701
0.99701
0.99701
0.99701
0.99701
0.99701
0.99701
0.99628
0.99628
0.99628
0.99628
0.99628
0.99628
0.99628
0.99628
0.99842
0.99842
0.99842
0.99842
0.99842
0.99842
0.99842
0.99607
0.99607
0.99607
0.99607
0.99607
0.99659
0.99659
0.99659
0.99659
0.99659
0.99659
0.99659
0.99659
0.99659
0.99962
0.99962
0.99962
0.99962
0.99962
0.99962
0.99962
0.99962
0.99962
0.99962
0.99962
0.99962
0.99962
0.99962
0.99962
0.99962
0.99962
0.99962
0.99962
0.99962
0.99962
0.99962
0.99962
0.99962
0.99962
0.99962
0.99962
0.99962
0.99962
0.99962
0.99962
0.99962
0.99962
0.99962
0.99962
0.99962
0.99962
0.99962
0.99962
0.99962
0.99962
0.99962
0.99962
0.99962
0.99962
0.99962
0.99962
0.99962
0.99962
0.99962
0.99962
0.99962
0.99962
0.99962
0.99962
0.99962
0.99962
0.99962
0.99962
0.99962
0.99962
0.99962
0.99564
0.99564
0.99569
0.99569
0.98878
0.98878
0.99342
0.99342
0.99342
0.99342
0.99342
0.99342
0.99342
0.99342
0.99342
0.99342
0.99342
0.99342
0.99342
0.99342
0.99342
0.99342
0.99342
0.99342
0.99268
0.99268
0.99268
0.99228
0.99228
0.99165
0.99268
0.99268
0.99268
0.99268
0.99268
0.99268
0.99268
0.99268
0.99268
0.99268
0.99268
0.99268
0.99268
0.99362
0.99362
0.99362
0.99362
0.99362
0.99310
0.99310
0.99310
0.99310
0.99310
0.99310
0.99310
0.99763
0.99763
0.99735
0.99735
0.99735
0.99735
0.99735
0.99735
0.99735
0.99735
0.99773
0.99773
0.99773
0.99773
0.99640
0.99640
0.99640
0.99640
0.99706
0.99706
0.99706
0.99706
0.99706
0.99706
0.99706
0.99584
0.99584
