5.84411,0.51800
5.67844,0.51800
5.67844,0.51800
5.65357,0.51800
5.65357,0.51800
5.65357,0.51800
5.65357,0.50588
5.69949,0.50588
5.69949,0.50588
5.60789,0.50588
5.56606,0.50588
5.56606,0.50588
5.56606,0.50588
5.53869,0.50588
5.53869,0.50588
5.53869,0.50588
5.53869,0.50588
5.53869,0.50588
5.20749,0.50588
5.20749,0.50588
5.20749,0.50588
5.20749,0.50588
5.20749,0.50588
5.20749,0.50588
5.34157,0.50588
5.34157,0.50588
5.34157,0.50588
5.34157,0.50588
5.34157,0.50115
5.34157,0.50115
5.34157,0.50115
5.34157,0.50115
5.34157,0.50115
5.34157,0.50115
5.34157,0.50115
5.34157,0.50115
5.12015,0.50115
5.12015,0.50115
5.07042,0.50115
5.07042,0.50872
5.07042,0.50872
5.07042,0.50872
5.07042,0.50872
5.07042,0.50872
4.98528,0.50872
4.98528,0.50872
4.98528,0.50872
4.98528,0.50872
4.98528,0.50872
4.86040,0.50872
4.86040,0.50872
4.86040,0.50872
4.86040,0.50872
4.86040,0.50872
4.86040,0.50872
4.86040,0.50872
4.86040,0.50872
4.93226,0.50872
4.93226,0.50872
4.84261,0.50872
4.84261,0.50872
4.90916,0.50872
4.90916,0.50872
4.90916,0.50872
4.90916,0.50872
4.84713,0.50872
4.84713,0.50872
4.84713,0.50872
4.93219,0.50872
4.83035,0.50872
4.75951,0.50872
4.75951,0.50872
4.86947,0.50872
4.69745,0.50872
4.69745,0.50872
4.69745,0.50872
4.69745,0.50872
4.69745,0.50872
4.69745,0.50872
4.69745,0.50872
4.69745,0.50872
4.69745,0.50872
4.69745,0.50872
4.69745,0.50872
4.69745,0.50872
4.69745,0.50872
4.69745,0.50872
4.69745,0.50872
4.69745,0.50872
4.70581,0.50872
4.70581,0.50872
4.70581,0.50872
4.70581,0.50872
4.70581,0.50872
4.57606,0.50872
4.57606,0.50872
4.57606,0.50872
4.57606,0.50872
4.57606,0.50872
4.57606,0.50872
4.57606,0.50872
4.57606,0.49055
4.58094,0.49055
4.58094,0.49055
4.58094,0.49055
4.58094,0.49055
4.58094,0.49055
4.58094,0.49055
4.58094,0.49055
4.58094,0.49055
4.43590,0.49055
4.43590,0.49055
4.56530,0.49055
4.56530,0.49055
4.56530,0.49055
4.56530,0.49055
4.55806,0.49055
4.55806,0.49055
4.55806,0.48926
4.55806,0.48926
4.55806,0.48926
4.55806,0.47156
4.55806,0.47156
4.55806,0.47156
4.55806,0.47156
4.31177,0.47156
4.31177,0.47156
4.31177,0.47156
4.31177,0.47156
4.31177,0.47156
4.31177,0.47156
4.31177,0.47156
4.31177,0.47156
4.31177,0.47156
4.31177,0.47156
4.31177,0.47156
4.31177,0.47156
4.31177,0.47156
4.31177,0.47156
4.38178,0.47156
4.38178,0.47156
4.38178,0.47156
4.38178,0.47156
4.38178,0.45048
4.38178,0.45048
4.38178,0.45048
4.38178,0.45048
4.38178,0.45048
4.38178,0.45048
4.38178,0.45048
4.38178,0.45048
4.38178,0.45048
4.42420,0.45048
4.31141,0.45048
4.31141,0.45048
4.31141,0.45048
4.31141,0.45048
4.43944,0.45048
4.43944,0.45048
4.43944,0.45048
4.43944,0.45048
4.36366,0.45048
4.36366,0.45048
4.32917,0.45048
4.32917,0.45048
4.32917,0.45048
4.32917,0.45048
4.32917,0.45048
4.40373,0.45048
4.40373,0.45048
4.40373,0.43977
4.27940,0.43977
4.27940,0.43977
4.27940,0.43977
4.27940,0.43977
4.27940,0.43977
4.27940,0.43977
4.27940,0.43977
4.18772,0.43977
4.18772,0.43977
4.18772,0.43977
4.26503,0.43977
4.26503,0.43977
4.26503,0.43977
4.26503,0.43977
4.26503,0.43977
4.26503,0.43977
4.27282,0.43977
4.27282,0.43977
3.99122,0.43977
4.22466,0.43977
3.95951,0.43977
3.99363,0.43977
3.99363,0.43977
3.99363,0.43977
4.28318,0.43977
4.28318,0.43977
4.28318,0.43977
4.28318,0.43977
4.28318,0.43977
4.14075,0.43977
4.14075,0.43977
4.23771,0.43977
4.23771,0.43977
4.23771,0.43977
4.21655,0.43977
4.21655,0.43977
4.21655,0.43977
4.21655,0.43977
4.21655,0.43977
4.21655,0.43977
4.21655,0.43977
4.21655,0.43977
4.21655,0.43977
4.21655,0.43977
4.24521,0.43977
4.24521,0.43977
4.09102,0.43977
4.09102,0.43977
4.09102,0.43977
4.13359,0.43977
4.13359,0.43977
4.13359,0.41339
4.20639,0.41339
4.20639,0.41339
4.20639,0.41339
4.20639,0.41339
4.21287,0.41339
4.29991,0.41339
4.23934,0.41339
4.05665,0.41339
4.05665,0.41339
3.98039,0.41339
3.98039,0.42190
3.98605,0.41864
4.11289,0.41864
4.11289,0.41864
4.11289,0.41864
4.11289,0.41864
4.11289,0.41864
4.11289,0.41864
4.01116,0.41864
4.01116,0.41864
4.01116,0.41864
4.01116,0.41864
4.01116,0.41864
4.01116,0.41864
4.01116,0.41864
4.01116,0.41864
4.01116,0.41864
4.01116,0.41864
4.01116,0.41864
4.01116,0.41864
3.75698,0.41864
3.75698,0.41864
3.75698,0.41864
3.75698,0.41864
4.08248,0.41864
4.08248,0.41864
4.08248,0.41864
3.89854,0.41864
3.97462,0.41864
3.97462,0.41864
3.97462,0.41864
3.97462,0.41864
3.97462,0.41864
3.97462,0.41864
3.97462,0.41864
3.97772,0.41864
3.97772,0.41864
3.97772,0.41864
3.97772,0.41864
3.98108,0.41864
3.98108,0.41864
3.99978,0.41864
3.99978,0.41864
3.99978,0.41864
3.99978,0.41864
3.99978,0.41864
3.99978,0.41864
3.99978,0.41864
3.99978,0.41864
3.99978,0.41864
3.99978,0.41864
3.99978,0.41864
3.99978,0.41864
3.99978,0.41864
3.99978,0.41864
3.99978,0.41864
3.99978,0.41864
3.99978,0.41864
3.93937,0.41864
3.93937,0.41864
3.93937,0.41864
3.93937,0.41864
3.93937,0.41864
3.93937,0.41233
3.93937,0.41233
3.93937,0.41233
3.93937,0.41233
3.93937,0.41233
3.98560,0.41233
3.97426,0.41233
3.97426,0.41233
3.97426,0.41233
3.97426,0.41233
3.97426,0.41233
3.97426,0.41233
3.97426,0.41233
3.99969,0.41233
3.99969,0.41233
4.02538,0.41233
4.02538,0.41233
4.02538,0.41233
4.02538,0.41233
4.02538,0.41233
4.02538,0.41233
4.02538,0.41233
4.02538,0.41233
4.02538,0.41233
3.99161,0.41233
3.99161,0.41233
3.99161,0.41085
3.99161,0.41085
3.99161,0.41085
3.81864,0.37963
3.81864,0.37963
3.81864,0.37963
3.84936,0.37963
3.84936,0.37963
3.84936,0.37963
3.84936,0.37963
3.98086,0.37963
3.98086,0.37963
3.98086,0.37963
3.98086,0.37963
3.98086,0.37963
3.97043,0.37963
3.97043,0.37963
3.97043,0.37963
3.90718,0.37963
3.90718,0.37963
3.90718,0.37963
3.90718,0.37963
3.90718,0.37963
3.97424,0.37963
3.88250,0.37963
3.88250,0.37963
3.88250,0.37963
3.88250,0.37963
3.88250,0.37963
3.88250,0.37963
3.88250,0.37963
3.78932,0.37963
3.78932,0.37963
3.78932,0.37963
3.60834,0.37963
3.60834,0.37963
3.60834,0.37963
3.60834,0.37963
3.60834,0.37963
3.73546,0.37963
3.73546,0.37963
3.73546,0.37963
3.73546,0.37220
3.69814,0.37220
3.69814,0.37220
3.69814,0.37220
3.69814,0.37220
3.69814,0.37220
3.70207,0.37220
3.70207,0.37220
3.70207,0.37220
3.69044,0.37220
3.69044,0.37220
3.69044,0.37220
3.69044,0.37220
3.69044,0.37220
3.69044,0.37220
3.69044,0.37220
3.69044,0.37220
3.69044,0.37220
3.69044,0.37220
3.69044,0.37220
3.62485,0.37220
3.62485,0.37220
3.62485,0.37220
3.62485,0.37220
3.62485,0.37220
3.62485,0.37220
3.43534,0.37220
3.43534,0.37220
3.43534,0.37220
3.65683,0.37220
3.42290,0.37220
3.42290,0.37220
3.42290,0.37220
3.42290,0.37220
3.55382,0.37220
3.55382,0.35978
3.55382,0.35978
3.55382,0.35978
3.55382,0.35978
3.55382,0.35978
3.55382,0.35978
3.55382,0.35978
3.55382,0.35978
3.55382,0.35978
3.55382,0.35978
3.55382,0.35978
3.55382,0.35978
3.55382,0.35978
3.55382,0.35978
3.55382,0.35978
3.55382,0.35978
3.55552,0.35978
3.16783,0.35978
3.16783,0.35978
3.16783,0.35978
3.16783,0.35978
3.16783,0.35978
3.16783,0.35978
3.16783,0.35978
3.16783,0.35978
3.16783,0.35978
3.16783,0.35978
3.16783,0.35978
3.16783,0.35978
3.16783,0.35978
3.16783,0.35978
3.16783,0.35978
3.16783,0.35978
3.16783,0.35978
3.16783,0.35978
3.17392,0.35978
3.17392,0.35978
3.17392,0.34830
3.17392,0.34830
3.17392,0.34830
3.17392,0.34830
3.24992,0.34830
3.24992,0.34830
3.24992,0.34830
3.24992,0.34830
3.24992,0.34830
3.18085,0.34830
3.35082,0.34830
3.35082,0.34830
3.22602,0.34830
3.22602,0.34830
3.22602,0.34830
3.21192,0.34830
3.21192,0.34830
3.21192,0.34830
3.21192,0.34830
3.21192,0.34830
3.21192,0.34830
3.21192,0.34830
3.21192,0.34830
3.20263,0.34830
3.20263,0.34830
3.20263,0.34830
3.20263,0.34830
3.20263,0.34830
3.14188,0.34830
3.14188,0.34830
3.14188,0.34830
3.14188,0.34830
3.14188,0.34830
3.14188,0.34830
3.07321,0.34830
3.07321,0.34830
3.07321,0.34830
3.07321,0.34830
3.07321,0.34830
3.07321,0.34830
3.07321,0.34830
3.07321,0.34830
3.07321,0.34830
3.07321,0.34830
3.02615,0.34830
3.02615,0.34830
3.02615,0.34830
3.02615,0.34830
3.02615,0.34830
3.02615,0.34830
3.02615,0.34830
3.02615,0.34830
3.02615,0.34830
2.99241,0.34830
2.99241,0.34830
2.99241,0.34830
2.99241,0.34830
2.99241,0.34830
2.99241,0.34830
2.99241,0.34830
2.99241,0.34830
2.99241,0.34830
2.99241,0.34830
2.99241,0.34830
2.99241,0.34830
2.99241,0.34830
2.99241,0.34830
2.99241,0.34830
2.99241,0.34830
2.99241,0.34830
2.99241,0.34830
2.99241,0.34830
2.99241,0.34830
2.99241,0.34830
2.99241,0.34830
2.99241,0.34830
2.99241,0.34830
2.99241,0.34830
2.99241,0.34830
2.99241,0.34830
2.99241,0.34830
2.99241,0.34830
2.99241,0.34830
2.99241,0.34830
2.99241,0.34830
2.99241,0.34830
3.09926,0.34830
3.09926,0.34830
3.09926,0.34830
3.09926,0.34830
3.09926,0.31206
3.09926,0.31206
3.09926,0.31206
3.06268,0.31206
3.06268,0.31206
3.06268,0.31206
2.95581,0.31206
2.95581,0.31206
2.98072,0.31206
2.98072,0.31206
2.98072,0.31206
2.98072,0.31206
2.98072,0.31206
2.98072,0.31206
2.98072,0.31206
2.98072,0.31206
2.98072,0.31206
2.98072,0.31206
2.98072,0.31206
2.98072,0.31206
2.91081,0.31206
2.91081,0.31206
2.91081,0.31206
2.91081,0.31206
2.91081,0.31206
2.91081,0.31206
2.91081,0.31206
2.91081,0.31206
2.91081,0.31206
2.91081,0.31206
2.91081,0.31206
2.90917,0.31206
2.90917,0.31206
2.90917,0.31206
2.82161,0.31206
2.82161,0.31206
2.82161,0.31206
2.82161,0.31206
2.82161,0.31206
2.82161,0.31206
2.82161,0.31206
2.82161,0.31206
2.82161,0.31206
2.82161,0.31206
2.82161,0.31206
2.82161,0.31206
2.82161,0.31206
2.85307,0.31206
2.85307,0.31206
2.85307,0.31206
2.85307,0.31206
2.85307,0.31206
2.85307,0.31206
2.85307,0.31206
2.85307,0.31206
2.85307,0.31206
2.85307,0.31206
2.85307,0.31206
2.86934,0.31206
2.86934,0.31206
2.78544,0.31206
2.78544,0.31206
2.78544,0.31206
2.78544,0.31206
2.78544,0.31206
2.78544,0.31206
2.78544,0.31206
2.78544,0.31206
2.78544,0.31206
2.78544,0.31206
2.78544,0.31206
2.78544,0.31206
2.78544,0.31206
3.01398,0.31206
2.99625,0.31206
2.99625,0.31206
2.99625,0.31206
2.99625,0.31206
2.99625,0.31206
2.86670,0.31206
2.86670,0.28948
2.86670,0.28948
2.89911,0.28948
2.89911,0.28948
2.89911,0.28948
2.89911,0.28948
2.89911,0.28948
2.89911,0.30360
2.88247,0.30360
2.88247,0.30360
2.88247,0.30360
2.88247,0.30360
2.88247,0.30360
2.88247,0.30360
2.88247,0.30360
2.88247,0.30360
2.88247,0.30360
2.74977,0.30360
2.74977,0.30360
2.74977,0.30360
2.74977,0.30360
2.74977,0.30360
2.74977,0.30360
2.74977,0.29838
2.74977,0.29838
2.74977,0.29838
2.74977,0.29838
2.74977,0.29838
2.86969,0.29838
2.86969,0.29838
2.86969,0.29838
2.86969,0.29838
2.86969,0.29838
2.86969,0.29838
2.86969,0.29838
2.75255,0.29838
2.75255,0.29838
2.75255,0.29838
2.75255,0.29838
2.75254,0.29838
2.75254,0.29838
2.75254,0.29838
2.80396,0.29838
2.80396,0.29838
2.79413,0.29838
2.79413,0.29838
2.79413,0.29838
2.79413,0.29838
2.79413,0.29838
2.79413,0.29838
2.79413,0.29838
2.79413,0.29838
2.79413,0.29838
2.79413,0.29838
2.79413,0.29838
2.79413,0.29838
2.79413,0.29853
2.79413,0.29853
2.79413,0.29853
2.79413,0.29853
2.86396,0.29853
2.86396,0.29853
2.67898,0.29853
2.84645,0.29853
2.84645,0.29853
2.84645,0.29853
2.84645,0.29853
2.84645,0.29853
2.84645,0.29853
2.79266,0.29853
2.79266,0.29853
2.79266,0.29853
2.79266,0.29853
2.79266,0.29853
2.79266,0.29853
2.79266,0.29853
2.79266,0.29853
2.79266,0.29853
2.79266,0.29853
2.70325,0.29853
2.70325,0.29853
2.70325,0.29853
2.82924,0.29853
2.82924,0.29853
2.82924,0.29853
2.82924,0.29853
2.82924,0.29853
2.82924,0.29853
2.88611,0.29853
2.88611,0.29853
2.88611,0.29853
2.88611,0.29853
2.88611,0.29853
2.88611,0.29853
2.88611,0.29853
2.88611,0.29853
2.88611,0.29853
2.88611,0.29853
2.76271,0.29853
2.76271,0.29853
2.76271,0.29853
2.76271,0.29853
2.76271,0.29853
2.76271,0.29853
2.76271,0.29853
2.71284,0.29853
2.71284,0.29853
2.78447,0.29853
2.78447,0.29853
2.77148,0.29853
2.77148,0.29853
2.77148,0.29853
2.77148,0.29853
2.55753,0.29853
2.55753,0.29853
2.55753,0.29853
2.55753,0.29853
2.55753,0.29853
2.55753,0.29853
2.55753,0.29853
2.55753,0.29853
2.55753,0.29853
2.55753,0.29853
2.55753,0.29853
2.55753,0.29853
2.63901,0.29853
2.63901,0.29853
2.61008,0.29853
2.61008,0.29853
2.61008,0.29853
2.61008,0.29853
2.61008,0.29853
2.61008,0.29853
2.61008,0.29853
2.61008,0.29853
2.61008,0.27920
2.57675,0.27920
2.62875,0.27920
2.62875,0.27920
2.62875,0.27920
2.62875,0.27920
2.62875,0.27920
2.62875,0.27920
2.62875,0.27920
2.62875,0.27920
2.62875,0.27920
2.64094,0.27920
2.64094,0.27920
2.64094,0.27920
2.64094,0.27920
2.64094,0.27920
2.63938,0.27920
2.63938,0.27920
2.63938,0.27920
2.63938,0.27920
2.51140,0.27920
2.51140,0.27920
2.51140,0.27920
2.51140,0.27920
2.51140,0.27920
2.51140,0.27920
2.51140,0.27920
2.51140,0.27920
2.51140,0.27920
2.51140,0.27920
2.51140,0.27920
2.51140,0.27920
2.51140,0.27920
2.51140,0.27920
2.51140,0.27920
2.51140,0.27920
2.51140,0.27920
2.51140,0.27920
2.51140,0.27920
2.42812,0.27920
2.42812,0.27920
2.42812,0.27920
2.42812,0.27920
2.42812,0.27920
2.42812,0.27920
2.42812,0.27920
2.40722,0.27920
2.40722,0.27920
2.40722,0.27920
2.40722,0.27920
2.40722,0.27920
2.40722,0.27920
2.40722,0.27920
2.40722,0.27920
2.40722,0.27920
2.40722,0.27920
2.40722,0.27920
2.40722,0.27920
2.40722,0.27920
2.40722,0.27920
2.40722,0.27920
2.40722,0.27920
2.40722,0.27920
2.40722,0.27920
2.40722,0.27920
2.40722,0.27920
2.40722,0.27920
2.40722,0.27920
2.40722,0.27920
2.42324,0.27920
2.42324,0.27920
2.42324,0.27920
2.42324,0.27920
2.26194,0.27920
2.26194,0.27920
2.24574,0.27920
2.24574,0.27920
2.24574,0.27920
2.24574,0.27920
2.24574,0.27920
2.24574,0.27920
2.24574,0.27920
2.24574,0.27920
2.24574,0.27920
2.24574,0.27920
2.24574,0.27920
2.24574,0.27920
2.24574,0.27920
2.24574,0.27920
2.24574,0.27920
2.24574,0.27920
2.24574,0.27920
2.24574,0.27920
2.24574,0.27920
2.24574,0.27920
2.24574,0.27920
2.24574,0.27920
2.24574,0.27920
2.24574,0.27920
2.24574,0.27920
2.28158,0.27920
2.28158,0.27920
2.28158,0.27920
2.28158,0.27920
2.28158,0.27920
2.28158,0.27920
2.28158,0.27920
2.28158,0.27920
2.28158,0.27920
2.28158,0.27920
2.28158,0.27920
2.26995,0.27920
2.26995,0.27920
2.26995,0.27920
2.26995,0.27920
2.26995,0.25913
2.26995,0.25913
2.26995,0.25913
2.26995,0.25913
2.28431,0.25913
2.28431,0.25913
2.28431,0.25913
2.28431,0.25913
2.28431,0.25913
2.28431,0.25913
2.28431,0.25913
2.28431,0.25913
2.28431,0.25913
2.28431,0.25913
2.28431,0.25913
2.28431,0.25913
2.28431,0.25913
2.28431,0.25913
2.28431,0.25913
2.28431,0.25913
2.28526,0.25913
2.28526,0.25913
2.28526,0.25913
2.28526,0.25913
2.21243,0.25913
2.21243,0.25913
2.21243,0.25913
2.21243,0.25913
2.21243,0.25913
2.21243,0.25913
2.21243,0.25913
2.21243,0.25913
2.08906,0.25913
2.08906,0.25913
2.08906,0.25913
2.08906,0.25913
2.08906,0.25913
2.25898,0.25913
2.25898,0.25913
2.18629,0.25913
2.18629,0.25913
2.24851,0.25913
2.24851,0.25913
2.24851,0.25913
2.28416,0.25913
2.28416,0.25913
2.28416,0.25913
2.28416,0.25913
2.15334,0.25913
2.15334,0.25913
2.15334,0.25913
2.15334,0.25913
2.15334,0.25913
2.15334,0.25913
2.25709,0.25913
2.25709,0.25913
2.25709,0.25913
2.25709,0.25913
2.25709,0.25913
2.25709,0.25913
2.25709,0.25913
2.25709,0.25913
2.25709,0.25913
2.09517,0.25913
2.09517,0.25913
2.09517,0.25913
2.08453,0.25913
2.08361,0.25913
2.08361,0.25913
2.08361,0.25913
2.08361,0.25913
2.08361,0.25913
2.08361,0.25913
2.08361,0.25913
2.08361,0.25913
2.08361,0.25913
2.02379,0.25913
2.02379,0.25913
2.02379,0.25913
2.02379,0.25913
2.02379,0.25913
2.02379,0.25913
2.02379,0.25913
2.02379,0.25913
2.02379,0.25913
2.02379,0.25913
2.02379,0.25913
2.02379,0.25913
2.02379,0.25913
2.02379,0.25913
2.02379,0.25913
2.02379,0.25913
2.02379,0.25913
2.02379,0.25913
2.02379,0.25913
2.02379,0.25913
2.02379,0.25913
2.02379,0.25913
1.96123,0.25913
1.96123,0.25913
1.96109,0.25913
1.96109,0.25913
1.96109,0.25913
1.96109,0.25913
1.96109,0.24805
1.96109,0.24805
1.96109,0.24805
1.96109,0.24805
1.96109,0.24805
1.96109,0.24805
1.96109,0.24805
1.97626,0.24805
1.97626,0.24805
1.97626,0.24805
1.97626,0.24805
1.97626,0.24805
1.97626,0.24805
1.97626,0.24805
1.97626,0.24889
1.97626,0.24889
1.97626,0.24889
1.97626,0.24889
1.97626,0.24889
1.97626,0.24889
1.97626,0.24889
1.97626,0.24889
1.97626,0.24889
1.97626,0.24889
1.97626,0.24889
1.97626,0.24889
1.97626,0.24889
1.97626,0.24889
1.97626,0.24889
1.97626,0.24889
1.97626,0.24889
1.97626,0.23708
1.97626,0.23708
1.95218,0.23708
1.95218,0.23708
1.95218,0.23708
1.95218,0.23708
1.95218,0.23708
1.95218,0.23708
1.95218,0.23708
1.95218,0.23708
1.95218,0.23708
1.95218,0.23708
1.95218,0.23708
1.95218,0.23708
1.95218,0.23708
1.93334,0.23708
1.93334,0.23708
1.93334,0.23708
1.88412,0.23708
1.93718,0.23708
1.93718,0.23708
1.93718,0.23708
1.93718,0.23708
1.93718,0.23708
1.93718,0.23708
1.93718,0.23708
1.93718,0.23708
1.93718,0.23708
1.93718,0.23708
1.93718,0.23708
1.93718,0.23708
1.93718,0.23708
1.93718,0.23708
1.93718,0.23708
1.93718,0.23708
1.93718,0.23708
1.93718,0.23708
1.93718,0.23708
1.93718,0.23708
1.93718,0.23708
1.93718,0.23708
1.93718,0.23708
1.93718,0.23708
1.93718,0.23708
1.93718,0.23708
1.93718,0.23708
1.93718,0.23708
1.84987,0.23708
1.84987,0.23708
1.84987,0.23708
1.84987,0.23708
1.84987,0.23708
1.84987,0.23708
1.84987,0.23708
1.84987,0.23708
1.84987,0.23708
1.84987,0.23708
1.84987,0.23708
1.84987,0.23708
1.84987,0.23708
1.84987,0.23708
1.84987,0.23708
1.84987,0.23708
1.88759,0.23708
1.88759,0.23708
1.88759,0.23708
1.88759,0.23708
1.88759,0.23708
1.88173,0.23708
1.88173,0.23708
1.88173,0.23708
1.88173,0.23708
1.88173,0.23708
1.88173,0.23708
1.88173,0.23708
1.88173,0.23708
1.88173,0.23708
1.88173,0.23708
1.88173,0.23708
1.88173,0.23708
1.88173,0.23708
1.88221,0.23708
1.88221,0.23708
1.88221,0.23708
1.88221,0.23708
1.88221,0.23708
1.88221,0.23708
1.88221,0.23708
1.88221,0.23708
1.88221,0.23708
1.88221,0.23708
1.88221,0.23708
1.88221,0.23708
1.88221,0.23708
1.88221,0.23708
1.88221,0.23708
1.88221,0.23708
1.88221,0.23708
1.88221,0.23708
1.88221,0.23708
1.88221,0.23708
1.88221,0.23708
1.88221,0.23708
1.88221,0.23708
1.88221,0.23708
1.88221,0.23708
1.88221,0.23708
1.88221,0.23708
1.88221,0.23708
1.88221,0.23708
1.88221,0.23708
1.88221,0.23708
1.88221,0.23708
1.88221,0.23708
1.88221,0.23708
1.88221,0.23708
1.88221,0.23708
1.88221,0.23708
1.88221,0.23708
1.88221,0.23708
1.88221,0.23708
1.88221,0.23708
1.88221,0.23708
1.88221,0.23708
1.88221,0.23708
1.88221,0.23708
1.87722,0.23708
1.87722,0.23708
1.88683,0.23708
1.88683,0.23708
1.88683,0.23708
1.88683,0.23708
1.88683,0.23708
1.88683,0.23708
1.88683,0.23708
1.88683,0.23708
1.88683,0.23708
1.88683,0.23708
1.88683,0.23708
1.88683,0.23708
1.88683,0.23708
1.88683,0.23708
1.88683,0.23708
1.88683,0.23708
1.88683,0.23708
1.88683,0.23708
1.88683,0.23708
1.88683,0.23708
1.88683,0.23708
1.86870,0.23708
1.86870,0.23708
1.86870,0.23708
1.86870,0.23708
1.85335,0.23708
1.85335,0.23708
1.85335,0.23708
1.85335,0.23708
1.85335,0.23708
1.85335,0.23708
1.85335,0.23708
1.85335,0.23708
1.85335,0.23708
1.85335,0.23708
1.85335,0.23708
1.85335,0.23708
1.85335,0.23708
1.85335,0.23708
1.85335,0.23708
1.85335,0.23708
1.85335,0.23708
1.85335,0.23708
1.85335,0.23708
1.85335,0.23708
1.85335,0.23708
1.85335,0.23708
1.85335,0.23708
1.85335,0.23708
1.77911,0.23708
1.77911,0.23708
1.77911,0.23535
1.77911,0.23535
1.77911,0.23535
1.77911,0.23535
1.77911,0.23535
1.77911,0.23535
1.77911,0.23535
1.77911,0.23535
1.77911,0.23535
1.77911,0.23535
1.74735,0.23535
1.74735,0.23535
1.74735,0.23535
1.74735,0.23535
1.74144,0.21236
1.73425,0.21236
1.73425,0.21236
1.73425,0.21236
1.73425,0.21236
1.73425,0.21236
1.73425,0.21236
1.73425,0.21236
1.73425,0.21236
1.73698,0.21820
1.73698,0.21820
1.67800,0.21820
1.67800,0.21820
1.67800,0.21820
1.67800,0.21820
1.67800,0.21820
1.67800,0.21820
1.67800,0.21820
1.67800,0.21820
1.67800,0.21820
1.67800,0.21820
1.67800,0.21820
1.67800,0.21820
1.67800,0.21820
1.67800,0.21820
1.59799,0.21820
1.59799,0.21820
1.59799,0.21820
1.59799,0.21820
1.57673,0.21820
1.57673,0.21820
1.57673,0.21486
1.57673,0.21486
1.57673,0.21486
1.57673,0.21486
1.57673,0.21486
1.57673,0.21486
1.57673,0.21486
1.57673,0.21486
1.57673,0.21486
1.57673,0.21486
1.57673,0.21486
1.57673,0.21486
1.57673,0.21486
1.57673,0.21486
1.57673,0.21486
1.57673,0.21486
1.57673,0.21486
1.57673,0.21486
1.49463,0.21486
1.49463,0.21486
1.49463,0.21486
1.49463,0.21486
1.49463,0.21486
1.49463,0.21486
1.49463,0.21486
1.49463,0.21486
1.49463,0.21486
1.49463,0.21486
1.49463,0.21486
1.49463,0.21486
1.49463,0.21486
1.49463,0.21486
1.49463,0.21486
1.49463,0.21486
1.49463,0.21486
1.49463,0.21486
1.49463,0.21486
1.49463,0.21486
1.49463,0.21486
1.49463,0.21486
1.49463,0.21486
1.49463,0.21486
1.49463,0.21486
1.49463,0.21486
1.49463,0.21486
1.49463,0.21486
1.49463,0.21486
1.49463,0.21486
1.49463,0.21486
1.49463,0.21486
1.49463,0.21486
1.49463,0.21486
1.49463,0.21486
1.49463,0.21486
1.49463,0.21486
1.45413,0.21486
1.45413,0.21486
1.45413,0.21486
1.45413,0.21486
1.45413,0.21486
1.45413,0.21486
1.45413,0.21486
1.45413,0.21486
1.45413,0.21486
1.45413,0.21486
1.45413,0.21486
1.45413,0.21486
1.45413,0.21486
1.45413,0.21486
1.45413,0.21486
1.45413,0.21486
1.45413,0.21486
1.45413,0.21486
1.45413,0.21500
1.45413,0.21500
1.45413,0.21500
1.45413,0.21500
1.45413,0.21500
1.45413,0.21500
1.45413,0.21500
1.45413,0.21500
1.45413,0.21500
1.45413,0.21500
1.40116,0.21500
1.40116,0.21500
1.40116,0.21500
1.40116,0.21500
1.40116,0.21500
1.40116,0.21500
1.40116,0.21500
1.40116,0.21500
1.40116,0.21500
1.40116,0.21500
1.40116,0.21500
1.40116,0.20570
1.40116,0.20570
1.40116,0.20570
1.40116,0.20570
1.40116,0.20570
1.40116,0.20570
1.40116,0.20570
1.40116,0.20570
1.40116,0.20570
1.40116,0.20570
1.40116,0.20570
1.40116,0.20570
1.40116,0.20570
1.40116,0.20570
1.40116,0.20570
1.40116,0.20570
1.40116,0.20570
1.40116,0.20570
1.40116,0.20570
1.34455,0.20570
1.34455,0.20570
1.34455,0.20570
1.34455,0.20570
1.34455,0.20570
1.34455,0.20570
1.34455,0.20570
1.34455,0.20570
1.34455,0.20570
1.34455,0.20570
1.34455,0.20570
1.34455,0.20570
1.34455,0.20570
1.34455,0.20570
1.34455,0.20570
1.34455,0.20570
1.34455,0.20570
1.34455,0.20570
1.34455,0.20570
1.34455,0.20570
1.34455,0.20570
1.34455,0.20570
1.34455,0.20570
1.34455,0.20570
1.34455,0.20570
1.34455,0.20570
1.34455,0.20570
1.34455,0.20570
1.34455,0.20570
1.34455,0.20570
1.34455,0.20570
1.34455,0.20570
1.34455,0.20570
1.34455,0.20570
1.31271,0.20131
1.31271,0.20131
1.31271,0.20131
1.31271,0.20131
1.31271,0.20131
1.31271,0.20131
1.31271,0.20131
1.31271,0.20131
1.26807,0.20131
1.26807,0.20131
1.26807,0.20131
1.26807,0.20131
1.26807,0.20131
1.26807,0.20131
1.26807,0.20131
1.25220,0.20131
1.32770,0.20131
1.31611,0.20131
1.31611,0.20131
1.31611,0.20131
1.31611,0.20131
1.31611,0.20131
1.31611,0.20131
1.31611,0.20131
1.31611,0.19433
1.31611,0.19433
1.31611,0.19433
1.31611,0.19433
1.31611,0.19433
1.31611,0.19433
1.22787,0.19433
1.22787,0.19433
1.22787,0.19433
1.22787,0.19433
1.22787,0.19433
1.22787,0.19433
1.22787,0.19433
1.22787,0.19433
1.22787,0.19433
1.22787,0.19433
1.22787,0.19433
1.23736,0.19433
1.23736,0.19433
1.23736,0.19433
1.23736,0.19433
1.23736,0.19433
1.23736,0.18063
1.23736,0.18063
1.23736,0.18063
1.23736,0.18063
1.23736,0.18063
1.23736,0.18063
1.23736,0.18063
1.23736,0.18063
1.23736,0.18063
1.23736,0.18063
1.23736,0.18063
1.23736,0.18063
1.23736,0.18063
1.23736,0.18063
1.23736,0.18063
1.23736,0.18063
1.23736,0.18063
1.23736,0.18063
1.23736,0.18519
1.23736,0.18519
1.23736,0.18519
1.23736,0.18519
1.23736,0.18519
1.23736,0.18519
1.23736,0.18519
1.23736,0.18519
1.21392,0.18519
1.21392,0.18519
1.21392,0.18519
1.21392,0.18519
1.21392,0.18519
1.21392,0.18519
1.21392,0.18519
1.21392,0.18519
1.21392,0.18519
1.21392,0.18519
1.21392,0.18519
1.21392,0.18519
1.21392,0.18519
1.22006,0.18519
1.22006,0.18519
1.22006,0.18519
1.22006,0.18519
1.22006,0.18519
1.26227,0.18519
1.28576,0.18519
1.28576,0.18519
1.28576,0.18519
1.28576,0.18519
1.28576,0.18519
1.28576,0.18473
1.28576,0.18473
1.28576,0.18473
1.28576,0.18473
1.28576,0.18473
1.28576,0.18473
1.28576,0.18473
1.28576,0.18473
1.28576,0.18473
1.20476,0.18473
1.20476,0.18473
1.20476,0.18473
1.20476,0.18473
1.20476,0.18473
1.20476,0.18473
1.20476,0.18473
1.20476,0.18473
1.20476,0.18473
1.20476,0.18473
1.20476,0.18473
1.20476,0.18473
1.20476,0.18473
1.20476,0.18473
1.20476,0.18473
1.20476,0.18473
1.20476,0.18473
1.20476,0.18473
1.20476,0.18473
1.20476,0.18473
1.20476,0.18473
1.20476,0.18473
1.20476,0.18473
1.20476,0.18473
1.20476,0.18473
1.20476,0.18473
1.20476,0.18473
1.21109,0.18473
1.21109,0.18473
1.21109,0.18473
1.21109,0.18473
1.21109,0.18473
1.21109,0.18473
1.21109,0.18473
1.21109,0.18473
1.21109,0.18473
1.21109,0.18473
1.21109,0.18473
1.21109,0.18473
1.21109,0.18473
1.21109,0.18473
1.21109,0.18473
1.21109,0.18473
1.21109,0.18473
1.21109,0.18473
1.21109,0.18473
1.21109,0.18473
1.18383,0.18473
1.18383,0.18473
1.18383,0.18473
1.18383,0.18473
1.18383,0.18473
1.18383,0.18473
1.18383,0.18473
1.18383,0.18473
1.18383,0.18473
1.18383,0.18473
1.18383,0.18473
1.18383,0.18473
1.18383,0.18473
1.18383,0.18473
1.18383,0.17447
1.18383,0.17447
1.18383,0.17447
1.18383,0.17447
1.18383,0.17447
1.18383,0.17447
1.18383,0.17447
1.18383,0.17447
1.18383,0.17447
1.20000,0.17447
1.20000,0.17447
1.20000,0.17447
1.20000,0.17447
1.20000,0.17447
1.20000,0.17447
1.20000,0.17447
1.20000,0.17447
1.20000,0.17447
1.20000,0.17447
1.20000,0.17447
1.20000,0.17447
1.20000,0.17447
1.20000,0.17447
1.20000,0.17447
1.20000,0.17447
1.20000,0.17447
1.20000,0.17447
1.20000,0.17447
1.20000,0.17447
1.20000,0.17447
1.20000,0.17447
1.20000,0.17447
1.20000,0.17447
1.17192,0.17447
1.17192,0.17447
1.17192,0.17447
1.17192,0.17447
1.17192,0.17447
1.17192,0.17447
1.17192,0.17447
1.17192,0.17447
1.17192,0.17447
1.17192,0.17447
1.17192,0.17447
1.17192,0.17447
1.17192,0.17447
1.17192,0.17447
1.17192,0.17447
1.17192,0.17447
1.17192,0.17447
1.17192,0.17447
1.17192,0.17447
1.17192,0.17447
1.17192,0.17447
1.17192,0.17447
1.17192,0.17447
1.15477,0.17447
1.15477,0.17447
1.15477,0.17447
1.15477,0.17447
1.15477,0.17447
1.15477,0.17447
1.15477,0.17447
1.15477,0.17447
1.15477,0.17447
1.20030,0.17447
1.20030,0.17447
1.20030,0.17447
1.20030,0.17447
1.20030,0.17447
1.20030,0.17447
1.20030,0.17447
1.20030,0.17447
1.20030,0.17447
1.20030,0.17447
1.21080,0.17447
1.21080,0.17447
1.21080,0.17447
1.21080,0.17447
1.20477,0.17447
1.20477,0.17447
1.20477,0.17447
1.20477,0.17447
1.20477,0.17447
1.20477,0.17447
1.20477,0.17447
1.20477,0.17447
1.20477,0.17447
1.20477,0.17447
1.20477,0.17447
1.20477,0.17447
1.20477,0.17447
1.20477,0.17447
1.20477,0.17447
1.20477,0.17447
1.20477,0.17447
1.20477,0.17447
1.20215,0.17447
1.20215,0.17447
1.20215,0.17447
1.20215,0.17447
1.20215,0.17447
1.20215,0.17447
1.20215,0.17447
1.20215,0.17447
1.20215,0.17447
1.20215,0.17447
1.20215,0.17447
1.20215,0.17447
1.20215,0.17447
1.20215,0.17447
1.20215,0.17447
1.20215,0.17447
1.20215,0.17447
1.20215,0.17447
1.20215,0.17447
1.20215,0.17447
1.20215,0.17447
1.20215,0.17447
1.20215,0.17447
1.20215,0.17447
1.24980,0.17447
1.24980,0.17447
1.24980,0.17447
1.24980,0.17447
1.24980,0.17447
1.24980,0.17447
1.24980,0.17447
1.24980,0.17447
1.24980,0.17447
1.20487,0.17447
1.20487,0.17447
1.20487,0.17447
1.20487,0.17447
1.20487,0.17447
1.20487,0.17447
1.20487,0.17447
1.20487,0.17447
1.20487,0.16854
1.20487,0.16854
1.19831,0.16854
1.21013,0.16854
1.21013,0.16854
1.21013,0.16854
1.21013,0.16854
1.21013,0.16854
1.21013,0.16854
1.24456,0.16854
1.24456,0.16854
1.24456,0.16854
1.24456,0.16854
1.24456,0.16854
1.24456,0.16854
1.24456,0.16854
1.24456,0.16854
1.24456,0.16854
1.24456,0.16854
1.24456,0.16854
1.24456,0.16854
1.24456,0.16854
1.24456,0.16854
1.22767,0.16854
1.22767,0.16854
1.22767,0.16854
1.22767,0.16854
1.22767,0.16854
1.22767,0.16854
1.22767,0.16854
1.22767,0.16854
1.22767,0.16854
1.22767,0.16854
1.22767,0.16854
1.22767,0.16854
1.22767,0.16854
1.22767,0.16854
1.22767,0.16854
1.24880,0.16854
1.22544,0.16854
1.22544,0.16854
1.22544,0.16854
1.22544,0.16854
1.22544,0.16854
1.22544,0.16854
1.22544,0.16854
1.22544,0.16854
1.22544,0.16854
1.22544,0.16854
1.22544,0.16854
1.24098,0.16854
1.24098,0.16854
1.24410,0.16854
1.24410,0.16854
1.24410,0.16854
1.24410,0.16854
1.24410,0.16854
1.24410,0.16854
1.24410,0.16854
1.24410,0.16854
1.24410,0.16854
1.22370,0.16854
1.22370,0.16854
1.22370,0.16854
1.22370,0.16854
1.22370,0.16854
1.22370,0.16854
1.22370,0.16854
1.22370,0.16854
1.22370,0.16854
1.22370,0.16854
1.22370,0.16854
1.22370,0.16854
1.22370,0.16854
1.22370,0.16854
1.22370,0.16854
1.22370,0.16854
1.22370,0.16854
1.22370,0.16854
1.22370,0.16854
1.22370,0.16854
1.20195,0.16854
1.20195,0.16854
1.20195,0.16854
1.20195,0.16854
1.20195,0.16854
1.17706,0.16854
1.17706,0.16854
1.17706,0.16854
1.17706,0.16854
1.18002,0.16854
1.18002,0.16854
1.18002,0.16854
1.18002,0.16854
1.18002,0.16854
1.18002,0.16854
1.18002,0.16854
1.18002,0.16854
1.18002,0.16854
1.18002,0.16854
1.18002,0.16854
1.18002,0.16854
1.18002,0.16854
1.18002,0.16854
1.18002,0.16854
1.18002,0.16854
1.18364,0.16854
1.18364,0.16854
1.18364,0.16854
1.18364,0.16854
1.18364,0.16854
1.18364,0.16854
1.22388,0.16854
1.22388,0.16854
1.22388,0.16222
1.22388,0.16222
1.22388,0.16222
1.22388,0.16222
1.22388,0.16222
1.22388,0.16222
1.22388,0.16222
1.14846,0.16222
1.14846,0.16222
1.14846,0.16222
1.14846,0.16222
1.14846,0.16222
1.14846,0.16222
1.14846,0.16222
1.14846,0.16222
1.14846,0.16222
1.14846,0.16222
1.14846,0.16222
1.14846,0.16222
1.14846,0.16222
1.14846,0.16222
1.14846,0.16222
1.18415,0.16222
1.18415,0.16222
1.18415,0.16222
1.18415,0.16222
1.18415,0.16222
1.18415,0.16222
1.18415,0.16222
1.18415,0.16222
1.18415,0.16222
1.18415,0.16222
1.18415,0.16222
1.18415,0.16222
1.18415,0.16222
1.18415,0.16222
1.18415,0.16222
1.18415,0.16222
1.18415,0.16222
1.18415,0.16222
1.18415,0.16222
1.18415,0.16222
1.18415,0.16222
1.18415,0.16222
1.18415,0.16222
1.18415,0.16222
1.16490,0.16222
1.16490,0.16222
1.16490,0.16222
1.16490,0.16222
1.15528,0.16222
1.15528,0.16222
1.15528,0.16222
1.15528,0.16222
1.15528,0.16222
1.15528,0.16222
1.15528,0.16222
1.15528,0.16222
1.15528,0.16222
1.15528,0.16222
1.15528,0.16222
1.15528,0.16222
1.15528,0.16222
1.20520,0.16222
1.20520,0.16222
1.20520,0.16222
1.20520,0.16222
1.20520,0.16222
1.20520,0.16222
1.20520,0.16222
1.20520,0.16222
1.20520,0.16222
1.20520,0.16222
1.20520,0.16222
1.20520,0.16222
1.20520,0.16222
1.20520,0.16222
1.20520,0.16222
1.20520,0.16222
1.20520,0.16222
1.20520,0.16222
1.20520,0.16222
1.20520,0.16222
1.20520,0.16222
1.20520,0.16222
1.20520,0.16222
1.20520,0.16222
1.20520,0.16222
1.20520,0.16222
1.20520,0.16222
1.20520,0.16222
1.20520,0.16222
1.20520,0.16222
1.20520,0.16222
1.20520,0.16222
1.20520,0.16222
1.20520,0.16222
1.20520,0.16222
1.20520,0.16222
1.20520,0.16222
1.20520,0.15779
1.20520,0.15779
1.20520,0.15779
1.20520,0.15779
1.20520,0.15779
1.20520,0.15779
1.20520,0.15779
1.20520,0.15779
1.20520,0.15779
1.20520,0.15779
1.20520,0.15779
1.20520,0.15779
1.16382,0.15779
1.16382,0.15779
1.16382,0.15779
1.16382,0.15779
1.16382,0.15779
1.16382,0.15779
1.16382,0.15779
1.16382,0.15779
1.16382,0.15779
1.16382,0.15779
1.16382,0.15779
1.16382,0.15779
1.16382,0.15779
1.16382,0.15779
1.16382,0.15779
1.16382,0.15779
1.16382,0.15779
1.16382,0.15779
1.16382,0.15779
1.16382,0.15779
1.16382,0.15779
1.16382,0.15779
1.16382,0.15779
1.16382,0.15779
1.16382,0.15779
1.16382,0.15779
1.16382,0.15779
1.16382,0.15779
1.16382,0.15779
1.16382,0.15779
1.16382,0.15779
1.16382,0.15779
1.16382,0.15779
1.16382,0.15779
1.16382,0.15779
1.16382,0.15779
1.16382,0.15779
1.16382,0.15779
1.16382,0.15779
1.16382,0.15779
1.16382,0.15779
1.16653,0.15779
1.16653,0.15779
1.16653,0.15779
1.16653,0.15779
1.16653,0.15779
1.16653,0.15779
1.15008,0.15779
1.15008,0.15779
1.15008,0.15779
1.15008,0.15779
1.15008,0.15779
1.15008,0.15779
1.15008,0.15779
1.15008,0.15779
1.15008,0.15779
1.15008,0.15779
1.15008,0.15779
1.15008,0.15779
1.15008,0.15779
1.15008,0.15779
1.15008,0.15779
1.15008,0.15779
1.15008,0.15779
1.15008,0.15779
1.15008,0.15779
1.15008,0.15779
1.15008,0.15779
1.15008,0.15779
1.15008,0.15779
1.15008,0.15779
1.15008,0.15779
1.15382,0.15779
1.15382,0.15779
1.15382,0.15779
1.15382,0.15779
1.15382,0.15779
1.15382,0.15779
1.15382,0.15779
1.15382,0.15779
1.15382,0.15779
1.15382,0.15779
1.15382,0.15779
1.15382,0.15779
1.15382,0.15779
1.15382,0.15779
1.15382,0.15779
1.15382,0.15779
1.15382,0.15779
1.15382,0.15779
1.15382,0.15779
1.15382,0.15779
1.15382,0.15779
1.15382,0.15779
1.15382,0.15779
1.15382,0.15779
1.15382,0.15779
1.15382,0.15779
1.15382,0.15779
1.15382,0.15779
1.15382,0.15779
1.15382,0.15779
1.15382,0.15779
1.15382,0.15779
1.15382,0.15779
1.15382,0.15779
1.15382,0.15779
1.15382,0.15779
1.15382,0.15779
1.15382,0.15779
1.15382,0.15779
1.15382,0.15779
1.15382,0.15779
1.15382,0.15779
1.15382,0.15779
1.15382,0.15779
1.15382,0.15779
1.15382,0.15779
1.15382,0.15779
1.15382,0.15779
1.15382,0.15779
1.15382,0.15779
1.15382,0.15779
1.15382,0.15779
1.15382,0.15779
1.15382,0.15779
1.15382,0.15779
1.15382,0.15779
1.15382,0.15779
1.15382,0.15779
1.15106,0.15779
1.15106,0.15779
1.15106,0.15779
1.15106,0.15779
1.15106,0.15779
1.15106,0.15779
1.15106,0.15779
1.13369,0.15779
1.13369,0.15779
1.13369,0.15779
1.13369,0.15779
1.13369,0.15779
1.13369,0.15779
1.13369,0.15779
1.13369,0.15779
1.13369,0.15779
1.13369,0.15779
1.13369,0.15779
1.13369,0.15779
1.13369,0.15779
1.13369,0.15779
1.13369,0.15779
1.13369,0.15779
1.13369,0.15779
1.13369,0.15779
1.13369,0.15779
1.13369,0.15779
1.13369,0.15779
1.13369,0.15779
1.13369,0.15779
1.13369,0.15779
1.13369,0.15779
1.13369,0.15779
1.13369,0.15779
1.13369,0.15779
1.13369,0.15779
1.13369,0.15779
1.13369,0.15779
1.13369,0.15779
1.13369,0.15779
1.13369,0.15779
1.13369,0.15779
1.13369,0.15779
1.13369,0.15779
1.13610,0.15779
1.13610,0.15779
1.13610,0.15779
1.13610,0.15779
1.13610,0.15779
1.13610,0.15779
1.13610,0.15779
1.13610,0.15779
1.13610,0.15779
1.13610,0.15779
1.13610,0.15779
1.13610,0.15779
1.13610,0.15779
1.13025,0.15779
1.13025,0.15779
1.13025,0.15779
1.13025,0.15779
1.13025,0.15779
1.13025,0.15779
1.13025,0.15779
1.13025,0.15779
1.13025,0.15779
1.13025,0.15779
1.13025,0.15779
1.13025,0.15779
1.13025,0.15779
1.13025,0.15779
1.13025,0.15779
1.13025,0.15779
1.10450,0.15779
1.10450,0.15779
1.10450,0.15779
1.10450,0.15779
1.10450,0.15779
1.10450,0.15779
1.10450,0.15779
1.10450,0.15779
1.10450,0.15779
1.10450,0.15779
1.10450,0.15779
1.10450,0.15779
1.10450,0.15779
1.10450,0.15779
1.10450,0.15779
1.10450,0.15779
1.09837,0.15779
1.09837,0.15779
1.11805,0.15779
1.11805,0.15779
1.11805,0.15779
1.11805,0.15779
1.11805,0.15779
1.11805,0.15779
1.11805,0.15779
1.11805,0.15779
1.11805,0.15779
1.11805,0.15779
1.11805,0.15779
1.11805,0.15779
1.11805,0.15779
1.11805,0.15779
1.11805,0.15779
1.09970,0.15779
1.09970,0.15779
1.09970,0.15779
1.09970,0.15779
1.09970,0.15779
1.09970,0.15779
1.09970,0.15565
1.09970,0.15565
1.09970,0.15565
1.09934,0.15565
1.09934,0.15565
1.09934,0.15565
1.12419,0.15565
1.12419,0.15565
1.12419,0.15565
1.12419,0.15565
1.12419,0.15565
1.12419,0.15565
1.12419,0.15565
1.12389,0.15565
1.12389,0.15565
1.12389,0.15565
1.12389,0.15565
1.09309,0.15565
1.09309,0.15565
1.09309,0.15565
1.09309,0.15565
1.09309,0.15565
1.09309,0.15565
1.09309,0.15565
1.09309,0.15565
1.09309,0.15565
1.09309,0.15565
1.09309,0.15565
1.09309,0.15565
1.09309,0.15565
1.09309,0.15565
1.09309,0.15565
1.09309,0.15565
1.09309,0.15565
1.09309,0.15565
1.09309,0.15565
1.10981,0.15565
1.10981,0.15565
1.10981,0.15565
1.09019,0.15565
1.09019,0.15565
1.09019,0.15565
1.09019,0.15565
1.09019,0.15565
1.09019,0.15565
1.09019,0.15565
1.09019,0.15565
1.09019,0.15565
1.09019,0.14802
1.09019,0.14802
1.09019,0.14802
1.09019,0.14802
1.09019,0.14802
1.09019,0.14802
1.09019,0.14802
1.09019,0.14802
1.09019,0.14802
1.12160,0.14802
1.12160,0.14802
1.12160,0.14802
1.12160,0.14802
1.12160,0.14802
1.12160,0.14802
1.12160,0.14802
1.12160,0.14802
1.12160,0.14802
1.12160,0.14802
1.12160,0.14802
1.12160,0.14802
1.12160,0.14802
1.12160,0.14802
1.12160,0.14802
1.15894,0.14802
1.15894,0.14802
1.15894,0.14802
1.13560,0.14802
1.13560,0.14802
1.13560,0.14802
1.13560,0.14802
1.13560,0.14802
1.13560,0.14802
1.13560,0.14802
1.13560,0.14802
1.13560,0.14802
1.13560,0.14802
1.13560,0.14802
1.13560,0.14802
1.13560,0.14802
1.13560,0.14802
1.13560,0.14802
1.13560,0.14802
1.13560,0.14802
1.13560,0.14802
1.13560,0.14802
1.13560,0.14802
1.13560,0.14802
1.13560,0.14802
1.18136,0.14802
1.18136,0.14802
1.18136,0.14802
1.18136,0.14802
1.18136,0.14802
1.18136,0.14802
1.18136,0.14802
1.18136,0.14802
1.18136,0.14802
1.18136,0.14802
1.18136,0.14802
1.18136,0.14802
1.18136,0.14802
1.18136,0.14802
1.18136,0.14802
1.18136,0.14802
1.18136,0.14802
1.21494,0.14802
1.21494,0.14802
1.21494,0.14802
1.21494,0.14802
1.21494,0.14802
1.21494,0.14802
1.21494,0.14802
1.20184,0.14802
1.23524,0.14802
1.23524,0.14802
1.23524,0.14802
1.23524,0.14802
1.23524,0.14802
1.23524,0.14802
1.23524,0.14802
1.23524,0.14802
1.23524,0.14802
1.23524,0.14802
1.23524,0.14802
1.23524,0.14802
1.23524,0.14802
1.23524,0.14802
1.23524,0.14802
1.23524,0.14802
1.23524,0.14802
1.23524,0.14802
1.23524,0.14802
1.23524,0.14802
1.23524,0.14802
1.23524,0.14802
1.23524,0.14802
1.23524,0.14802
1.23524,0.14802
1.24218,0.14802
1.24218,0.14802
1.24218,0.14802
1.24218,0.14802
1.24218,0.14802
1.24218,0.14802
1.24218,0.14802
1.24218,0.14802
1.21285,0.14802
1.21285,0.13915
1.21285,0.13915
1.21285,0.13915
1.21285,0.13915
1.21285,0.13915
1.21285,0.13915
1.21285,0.13915
1.21285,0.13915
1.21285,0.13915
1.21285,0.13915
1.21285,0.13915
1.21285,0.13915
1.21285,0.13915
1.21285,0.13915
1.21285,0.13915
1.20165,0.13915
1.20165,0.13915
1.20165,0.13915
1.20165,0.13915
1.20165,0.13915
1.20165,0.13915
1.20165,0.13915
1.20165,0.13915
1.20165,0.13915
1.20165,0.13915
1.20165,0.13915
1.20165,0.13915
1.20165,0.13915
1.24516,0.13915
1.24516,0.13915
1.24516,0.13915
1.24516,0.13915
1.24516,0.13915
1.24516,0.13915
1.24516,0.13915
1.24516,0.13915
1.24516,0.13915
1.24516,0.13915
1.24516,0.13915
1.24516,0.13915
1.24516,0.13915
1.20922,0.13915
1.20922,0.13915
1.20922,0.13915
1.20922,0.13915
1.20922,0.13915
1.20922,0.13915
1.20922,0.13915
1.20922,0.13915
1.20922,0.13915
1.20922,0.13915
1.20922,0.13915
1.20922,0.13915
1.20922,0.13915
1.20922,0.13915
1.20922,0.13915
1.20922,0.13915
1.20922,0.13915
1.20922,0.13915
1.20922,0.13915
1.20922,0.13915
1.18434,0.13915
1.18434,0.13915
1.18434,0.13915
1.18434,0.13915
1.18434,0.13915
1.18434,0.13915
1.18434,0.13915
1.18434,0.13915
1.18434,0.13915
1.18434,0.13915
1.18434,0.13915
1.18434,0.13915
1.18434,0.13915
1.18434,0.13915
1.18434,0.13915
1.18434,0.13915
1.18434,0.13915
1.18434,0.13915
1.18434,0.13915
1.18434,0.13915
1.18434,0.13915
1.18434,0.13915
1.21181,0.13915
1.21181,0.13915
1.21181,0.13915
1.21181,0.13915
1.21181,0.13915
1.21181,0.13915
1.21181,0.13915
1.21181,0.13915
1.21181,0.13915
1.18684,0.13915
1.18684,0.13915
1.18684,0.13915
1.18684,0.13915
1.21934,0.13915
1.21934,0.13915
1.21934,0.13915
1.21934,0.13915
1.22018,0.13915
1.22018,0.13915
1.22018,0.13915
1.22018,0.13915
1.22018,0.13915
1.22018,0.13915
1.22018,0.13915
1.22018,0.13915
1.22018,0.13915
1.22018,0.13736
1.22018,0.13736
1.22018,0.13736
1.22018,0.13736
1.22018,0.13736
1.22018,0.13736
1.22018,0.13736
1.22018,0.13736
1.22018,0.13736
1.22018,0.13736
1.22018,0.13736
1.22018,0.13736
1.22018,0.13736
1.22018,0.13736
1.22018,0.13567
1.22018,0.13567
1.22018,0.13567
1.22018,0.13567
1.22018,0.13567
1.22018,0.13567
1.22018,0.13567
1.22018,0.13567
1.22018,0.13567
1.22018,0.13567
1.22018,0.13567
1.22018,0.13567
1.22018,0.13567
1.22018,0.13567
1.22018,0.13567
1.22018,0.13567
1.22018,0.13567
1.22018,0.13567
1.22018,0.13567
1.22018,0.13567
1.22018,0.13567
1.22018,0.13567
1.22018,0.13567
1.22018,0.13567
1.22018,0.13567
1.22018,0.13567
1.22018,0.13567
1.22018,0.13567
1.22018,0.13567
1.22630,0.13567
1.22630,0.13567
1.22630,0.13567
1.22630,0.13567
1.22630,0.13567
1.22630,0.13567
1.22630,0.13567
1.22630,0.13567
1.22630,0.13567
1.22630,0.13567
1.22630,0.13567
1.22283,0.13567
1.22283,0.13567
1.22283,0.13567
1.22283,0.13567
1.22283,0.13567
1.22283,0.13567
1.22370,0.13567
1.22370,0.13567
1.22370,0.13567
1.22370,0.13567
1.22370,0.13567
1.22249,0.13567
1.22249,0.13567
1.22249,0.13567
1.22249,0.13567
1.22249,0.13567
1.22249,0.13567
1.22249,0.13567
1.22249,0.13567
1.22249,0.13567
1.22249,0.13567
1.18888,0.13567
1.18888,0.13567
1.18888,0.13567
1.18888,0.13567
1.18888,0.13567
1.18888,0.13567
1.18888,0.13567
1.18888,0.13567
1.18888,0.13567
1.18888,0.13567
1.18888,0.13567
1.18888,0.13567
1.18888,0.13567
1.18888,0.13567
1.18888,0.13567
1.18888,0.13567
1.18888,0.13567
1.18888,0.13567
1.14920,0.13567
1.14920,0.13567
1.14920,0.13567
1.14920,0.13567
1.14920,0.13567
1.14920,0.13567
1.14920,0.13567
1.14920,0.13567
1.14920,0.13567
1.14920,0.13567
1.14920,0.13567
1.14353,0.13567
1.14353,0.13567
1.14353,0.13567
1.14353,0.13567
1.14353,0.13567
1.14353,0.13567
1.14353,0.13567
1.14353,0.13567
1.14353,0.13567
1.14353,0.13567
1.14353,0.13567
1.14353,0.13567
1.14353,0.13567
1.14353,0.13567
1.14353,0.13567
1.14353,0.13567
1.14353,0.13567
1.14353,0.13567
1.14353,0.13567
1.14353,0.13567
1.19604,0.13567
1.19604,0.13567
1.19604,0.13567
1.19604,0.13567
1.19604,0.13567
1.19604,0.13567
1.19604,0.13567
1.19604,0.13567
1.12597,0.13567
1.12597,0.13567
1.12806,0.13567
1.12806,0.13567
1.12806,0.13567
1.12806,0.13567
1.12806,0.13567
1.12806,0.13567
1.12806,0.13567
1.12806,0.13567
1.12806,0.13567
1.12806,0.13567
1.12806,0.13567
1.17461,0.13567
1.17461,0.13567
1.17461,0.13567
1.17461,0.13567
1.17461,0.13567
1.17461,0.13567
1.17461,0.13567
1.17461,0.13567
1.17461,0.13567
1.17461,0.13567
1.17461,0.13567
1.17461,0.13567
1.17461,0.13567
1.17461,0.13567
1.17461,0.13567
1.17461,0.13567
1.17461,0.13567
1.17461,0.13567
1.17461,0.13567
1.16541,0.13567
1.16541,0.13567
1.16541,0.13567
1.16541,0.13567
1.16541,0.13567
1.16541,0.13567
1.16541,0.13567
1.16541,0.13567
1.16541,0.13567
1.16541,0.13567
1.16541,0.13567
1.16541,0.13567
1.16541,0.13567
1.16541,0.13567
1.16541,0.13567
1.16541,0.13567
1.16541,0.13567
1.16541,0.13567
1.16541,0.13567
1.16541,0.13567
1.16541,0.13567
1.16541,0.13567
1.16541,0.13567
1.16541,0.13567
1.16541,0.13567
1.16541,0.13567
1.23725,0.13567
1.16699,0.13567
1.16699,0.13567
1.16699,0.13567
1.16699,0.13567
1.16699,0.13138
1.16699,0.13138
1.16699,0.13138
1.16699,0.13138
1.16699,0.13138
1.16699,0.13138
1.16699,0.13138
1.16699,0.13138
1.16699,0.13138
1.16699,0.13138
1.16699,0.13138
1.16699,0.13138
1.16699,0.13138
1.16699,0.13138
1.16699,0.13138
1.16699,0.13138
1.16699,0.13138
1.16699,0.13138
1.16699,0.13138
1.16699,0.13138
1.16699,0.13138
1.16699,0.13138
1.16699,0.13138
1.16699,0.13138
1.16699,0.13138
1.16699,0.13138
1.16699,0.13138
1.15877,0.13138
1.15877,0.13138
1.15877,0.13138
1.15877,0.13138
1.15877,0.13138
1.15877,0.13138
1.15877,0.13138
1.15877,0.13138
1.25488,0.13138
1.25488,0.13138
1.25488,0.13138
1.25488,0.13138
1.25488,0.13138
1.25488,0.13138
1.25488,0.13138
1.25488,0.13138
1.25488,0.13138
1.25488,0.13138
1.25488,0.13138
1.25488,0.13138
1.25488,0.13138
1.25488,0.13138
1.25488,0.13138
1.25488,0.13138
1.25488,0.13138
1.25488,0.13138
1.25488,0.12596
1.25488,0.12596
1.25488,0.12195
1.25488,0.12195
1.25488,0.12195
1.25488,0.12195
1.25488,0.12195
1.25488,0.12195
1.25488,0.12195
1.25488,0.12195
1.25488,0.12195
1.25488,0.12195
1.25488,0.12195
1.25488,0.12195
1.25488,0.12195
1.25488,0.12195
1.25488,0.12195
1.25488,0.12195
1.25488,0.12195
1.25488,0.12195
1.25488,0.12195
1.25488,0.12195
1.25488,0.12195
1.25488,0.12195
1.25488,0.12195
1.25488,0.12195
1.25488,0.12195
1.25488,0.12195
1.25488,0.12195
1.25488,0.12195
1.25488,0.12195
1.25488,0.12195
1.25488,0.12195
1.25488,0.12195
1.25488,0.12195
1.25488,0.12195
1.25488,0.12195
1.25488,0.12195
1.25488,0.12195
1.25488,0.12195
1.25488,0.12195
1.25488,0.12195
1.25488,0.12195
1.25488,0.12195
1.25488,0.12195
1.25488,0.12195
1.25488,0.12195
1.25488,0.12195
1.25488,0.12195
1.25488,0.12195
1.25488,0.12195
1.25488,0.12195
1.25488,0.12195
1.25488,0.12195
1.25488,0.12195
1.25488,0.12195
1.25488,0.12195
1.25488,0.12195
1.25488,0.12195
1.25488,0.12195
1.25488,0.12195
1.25488,0.12195
1.25488,0.12195
1.25488,0.12195
1.25488,0.12195
1.25488,0.12195
1.25488,0.12195
1.25488,0.12195
1.26059,0.12195
1.23005,0.12195
1.23005,0.12195
1.23005,0.12195
1.23005,0.12195
1.23005,0.12195
1.23005,0.12195
1.23005,0.12195
1.23005,0.12195
1.23005,0.12195
1.23005,0.12195
1.23005,0.12195
1.23005,0.12195
1.23005,0.12195
1.23005,0.12195
1.23005,0.12195
1.23005,0.12195
1.23005,0.12195
1.23005,0.12195
1.23005,0.12195
1.23005,0.12195
1.23005,0.12195
1.23005,0.12195
1.23005,0.12195
1.23005,0.12195
1.23005,0.12195
1.23005,0.12195
1.23005,0.12195
1.23005,0.12195
1.23005,0.12195
1.23005,0.12195
1.23005,0.12195
1.23005,0.12195
1.23005,0.12195
1.23005,0.12195
1.23005,0.12195
1.23005,0.12195
1.23005,0.12195
1.23005,0.12195
1.23005,0.12195
1.23005,0.12195
1.23005,0.12195
1.23005,0.12195
1.18048,0.12195
1.18048,0.12195
1.18048,0.12195
1.18048,0.12195
1.18048,0.12195
1.18048,0.12195
1.18048,0.12195
1.18048,0.12195
1.18048,0.12195
1.18048,0.12195
1.18048,0.12195
1.18048,0.12195
1.18048,0.12195
1.18048,0.12195
1.18048,0.12195
1.18048,0.12195
1.18048,0.12195
1.18048,0.12195
1.18048,0.12195
1.18048,0.12195
1.18048,0.12195
1.18048,0.12195
1.18048,0.12195
1.18048,0.12195
1.18048,0.12195
1.18048,0.12195
1.18048,0.12195
1.18048,0.12195
1.18048,0.12195
1.18048,0.12195
1.18048,0.12195
1.18048,0.12195
1.18048,0.12195
1.18048,0.12195
1.18048,0.12195
1.18048,0.12195
1.18048,0.12195
1.18048,0.12195
1.18048,0.12195
1.18048,0.12195
1.18048,0.12195
1.18048,0.12195
1.18048,0.12195
1.18048,0.12195
1.18048,0.12195
1.18048,0.12195
1.18048,0.12195
1.18048,0.12195
1.18048,0.12195
1.18048,0.12195
1.18048,0.12195
1.18048,0.12195
1.18048,0.12195
1.18048,0.12195
1.18303,0.12180
1.18303,0.12180
1.18303,0.12180
1.18303,0.12180
1.18303,0.12180
1.18303,0.12180
1.18303,0.12180
1.18303,0.12180
1.18303,0.12180
1.18303,0.12180
1.18303,0.12180
1.18303,0.12180
1.17618,0.12180
1.17618,0.12180
1.17618,0.12180
1.17618,0.12180
1.17618,0.12180
1.17618,0.12180
1.17618,0.12180
1.17618,0.12180
1.17618,0.12180
1.17618,0.12180
1.17618,0.12180
1.17618,0.12180
1.17618,0.12180
1.17618,0.12180
1.18603,0.12180
1.18603,0.12180
1.18603,0.12180
1.18603,0.12180
1.18603,0.12180
1.18603,0.12180
1.18603,0.12180
1.18603,0.12180
1.18603,0.12180
1.18603,0.12180
1.18603,0.12180
1.18461,0.12180
1.18461,0.12180
1.18461,0.12180
1.18461,0.12180
1.18461,0.12180
1.18461,0.12180
1.18461,0.12180
1.18461,0.12180
1.18461,0.12180
1.18461,0.12180
1.17728,0.12180
1.17728,0.12180
1.17728,0.12180
1.17728,0.12180
1.17728,0.12180
1.20630,0.12180
1.20630,0.12180
1.20630,0.12180
1.20630,0.12180
1.20630,0.12180
1.20630,0.12180
1.20630,0.12180
1.20630,0.12180
1.20630,0.12180
1.20630,0.12180
1.20630,0.12180
1.15258,0.12180
1.15258,0.12180
1.15258,0.12180
1.15258,0.12180
1.15258,0.12180
1.15258,0.12180
1.15258,0.12180
1.15258,0.12180
1.15258,0.12180
1.15258,0.12180
1.15258,0.12180
1.15258,0.12180
1.15258,0.12180
1.15258,0.12180
1.15258,0.12180
1.15258,0.12180
1.15258,0.12180
1.15258,0.12180
1.15258,0.12180
1.15258,0.12180
1.15258,0.12180
1.15258,0.12180
1.15258,0.12180
1.15258,0.12180
1.15258,0.12180
1.15258,0.12180
1.15258,0.12180
1.15258,0.12180
1.15258,0.12180
1.15258,0.12180
1.15258,0.12180
1.15258,0.12180
1.15271,0.12180
1.15271,0.12180
1.15271,0.12180
1.15271,0.12180
1.15271,0.12180
1.15271,0.12180
1.15271,0.12180
1.15271,0.12180
1.15271,0.12180
1.15271,0.12180
1.15271,0.12180
1.15271,0.12180
1.15271,0.12180
1.15271,0.12180
1.15271,0.12180
1.19959,0.12180
1.19959,0.12180
1.19959,0.12180
1.19959,0.12180
1.19959,0.12180
1.19959,0.12180
1.19959,0.12180
1.19959,0.12180
1.19959,0.12180
1.19959,0.12180
1.19959,0.12180
1.19959,0.12180
1.19959,0.12180
1.19959,0.12180
1.19959,0.12180
1.19959,0.12180
1.19959,0.12180
1.19959,0.12180
1.19959,0.12180
1.19959,0.12180
1.16239,0.12180
1.16239,0.12180
1.16239,0.12180
1.16239,0.12180
1.16239,0.12180
1.16239,0.12180
1.16239,0.12180
1.16239,0.12180
1.18458,0.12180
1.18458,0.12180
1.18458,0.12180
1.18458,0.12180
1.18458,0.12180
1.18458,0.12180
1.18458,0.12180
1.18458,0.12180
1.18458,0.12180
1.18458,0.12180
1.18458,0.12180
1.18458,0.12180
1.17613,0.12180
1.17613,0.12180
1.17613,0.12180
1.17613,0.12180
1.17613,0.12180
1.17613,0.12180
1.17613,0.12180
1.17613,0.12180
1.17613,0.12180
1.17613,0.12180
1.17613,0.12180
1.17613,0.12180
1.17613,0.12180
1.17613,0.12180
1.17613,0.12180
1.17613,0.12180
1.17613,0.12180
1.17613,0.12180
1.17613,0.12180
1.17613,0.12180
1.17613,0.12180
1.17613,0.12180
1.17613,0.12180
1.17613,0.12180
1.17613,0.12180
1.17613,0.12180
1.17613,0.12180
1.14956,0.12180
1.14956,0.12180
1.14956,0.12180
1.14956,0.12180
1.14956,0.12180
1.14956,0.12180
1.15572,0.12180
1.15572,0.12180
1.15572,0.12180
1.15572,0.12180
1.15572,0.12180
1.15572,0.12180
1.15572,0.12180
1.15572,0.12180
1.15572,0.12180
1.15572,0.12180
1.15572,0.12180
1.15572,0.10737
1.15572,0.10737
1.15572,0.10737
1.15572,0.10737
1.15572,0.10737
1.15572,0.10737
1.15572,0.10737
1.15572,0.10737
1.15572,0.10737
1.15572,0.10737
1.15572,0.10737
1.15572,0.10737
1.15572,0.10737
1.15572,0.10737
1.15572,0.10737
1.15572,0.10737
1.15572,0.10737
1.15572,0.10737
1.15572,0.10737
1.15572,0.10737
1.15572,0.10737
1.15572,0.10737
1.15572,0.10737
1.15572,0.10737
1.15572,0.10737
1.15572,0.10737
1.15572,0.10737
1.15572,0.10737
1.15572,0.10737
1.15572,0.10737
1.15572,0.10737
1.15572,0.10737
1.15572,0.10737
1.15572,0.10737
1.15572,0.10737
1.15572,0.10737
1.15572,0.10737
1.15572,0.10737
1.15572,0.10737
1.15572,0.10737
1.15572,0.10737
1.15572,0.10737
1.15572,0.10737
1.15572,0.10737
1.15572,0.10737
1.15572,0.10737
1.15572,0.10737
1.15572,0.10737
1.15572,0.10737
1.15572,0.10737
1.14911,0.10737
1.16969,0.10737
1.16969,0.10737
1.16969,0.10737
1.16969,0.10737
1.16969,0.10737
1.16969,0.10737
1.16969,0.10737
1.13930,0.10737
1.13930,0.10737
1.13930,0.10737
1.13930,0.10737
1.13930,0.10737
1.13930,0.10737
1.13930,0.10737
1.13930,0.10737
1.13930,0.10737
1.13930,0.10737
1.13930,0.10737
1.13930,0.10737
1.13930,0.10737
1.13930,0.10737
1.13930,0.10737
1.13930,0.10737
1.13930,0.10737
1.13930,0.10737
1.13930,0.10737
1.15848,0.10737
1.15848,0.10737
1.18499,0.10737
1.19061,0.10737
1.19061,0.10737
1.19061,0.10737
1.19061,0.10737
1.19061,0.10624
1.19061,0.10624
1.19061,0.10624
1.19061,0.10624
1.19061,0.10624
1.19061,0.10624
1.19061,0.10624
1.19061,0.10624
1.19061,0.10624
1.19061,0.10624
1.19061,0.10624
1.19061,0.10624
1.19061,0.10624
1.19061,0.10624
1.19061,0.11101
1.19061,0.11101
1.19061,0.11101
1.19061,0.11101
1.19061,0.11101
1.13305,0.11101
1.13305,0.11101
1.13305,0.11101
1.13305,0.11101
1.13305,0.11101
1.13305,0.11101
1.13305,0.11101
1.13305,0.11101
1.13305,0.11101
1.13305,0.11101
1.13305,0.11101
1.13305,0.11101
1.13305,0.11101
1.13305,0.11101
1.13305,0.11101
1.13305,0.11101
1.13305,0.11101
1.13305,0.11101
1.13305,0.11101
1.13305,0.11101
1.13305,0.11101
1.13305,0.11101
1.13305,0.11101
1.13305,0.11101
1.13305,0.11101
1.13305,0.11101
1.13305,0.11101
1.13305,0.11101
1.13305,0.11101
1.13305,0.11101
1.13305,0.11101
1.13305,0.11101
1.13305,0.11101
1.13305,0.11101
1.13305,0.11101
1.13305,0.11101
1.13305,0.11101
1.13305,0.11101
1.13305,0.11101
1.13305,0.11101
1.13305,0.11101
1.16284,0.11101
1.16284,0.11101
1.16284,0.11101
1.16284,0.11101
1.13426,0.11101
1.13426,0.11101
1.11569,0.11101
1.11569,0.11101
1.11569,0.11101
1.11569,0.11101
1.12108,0.11101
1.12108,0.11101
1.12108,0.11101
1.12108,0.11101
1.12108,0.11101
1.12108,0.11101
1.12108,0.11101
1.12108,0.11101
1.12108,0.11101
1.12108,0.11101
1.12108,0.11101
1.12108,0.11101
1.12108,0.11101
1.12108,0.11101
1.10259,0.11101
1.10259,0.11101
1.10259,0.11101
1.10259,0.11101
1.10259,0.11101
1.10259,0.11101
1.10259,0.11101
1.10259,0.11101
1.10259,0.11101
1.10259,0.11101
1.10259,0.11101
1.10259,0.11101
1.10259,0.11101
1.10259,0.11101
1.10259,0.11101
1.10259,0.11101
1.10259,0.11101
1.10259,0.11101
1.10259,0.11101
1.10259,0.11101
1.10259,0.11101
1.10259,0.11101
1.10259,0.11101
1.10259,0.11101
1.10259,0.11101
1.10259,0.11101
1.10259,0.11101
1.10259,0.11101
1.10259,0.11101
1.10259,0.11101
1.10259,0.11101
1.10259,0.11101
1.10259,0.11101
1.10259,0.11101
1.10259,0.11101
1.07657,0.11101
1.07657,0.11101
1.07657,0.11101
1.07657,0.11101
1.07657,0.11101
1.03611,0.11101
1.03611,0.11101
1.03611,0.11101
1.03611,0.11101
1.03611,0.11101
1.03611,0.11101
1.03611,0.11101
1.03611,0.11101
1.03611,0.11101
1.03611,0.11101
1.03611,0.11101
1.03611,0.11101
1.15623,0.11101
1.15623,0.11101
1.15623,0.11101
1.15623,0.11101
1.15623,0.11101
1.15623,0.11101
1.15623,0.11101
1.15623,0.11101
1.15623,0.11101
1.15623,0.11101
1.15623,0.11101
1.15623,0.11101
1.15623,0.11101
1.15623,0.11101
1.15623,0.11101
1.15623,0.11101
1.15623,0.11101
1.15623,0.11101
1.14987,0.11101
1.14987,0.11101
1.14987,0.11101
1.14987,0.11101
1.18950,0.10794
1.18950,0.10794
1.18950,0.10794
1.18950,0.10794
1.18950,0.10794
1.18950,0.10794
1.17122,0.10794
1.17122,0.10794
1.17122,0.10794
1.17122,0.10794
1.17122,0.10794
1.17122,0.10794
1.17122,0.10794
1.17122,0.10794
1.17122,0.10794
1.17122,0.10794
1.17122,0.10794
1.17122,0.10794
1.17122,0.10794
1.17122,0.10794
1.13101,0.10794
1.13101,0.10794
1.13101,0.10794
1.13101,0.10794
1.13101,0.10794
1.13101,0.10794
1.13101,0.10794
1.13101,0.10794
1.13101,0.10794
1.13101,0.10794
1.13101,0.10794
1.13101,0.10794
1.13101,0.10794
1.13101,0.10794
1.13101,0.10794
1.13101,0.10794
1.13101,0.10794
1.13101,0.10794
1.13101,0.10794
1.13101,0.10794
1.13101,0.10794
1.13101,0.10794
1.13101,0.10794
1.13101,0.10794
1.13101,0.10794
1.13101,0.10794
1.13101,0.10794
1.13101,0.10794
1.13101,0.10794
1.13101,0.10794
1.13101,0.10794
1.13101,0.10794
1.13101,0.10794
1.13101,0.10794
1.13101,0.10794
1.13101,0.10794
1.13101,0.10794
1.13101,0.10794
1.13101,0.10794
1.13101,0.10794
1.13101,0.10794
1.13101,0.10794
1.13101,0.10794
1.13101,0.10794
1.13101,0.10794
1.13101,0.10794
1.13101,0.10794
1.13101,0.10794
1.13101,0.10794
1.13101,0.10794
1.13101,0.10794
1.13101,0.10794
1.13101,0.10794
1.13101,0.10794
1.13101,0.10794
1.14044,0.10794
1.14044,0.10794
1.14044,0.10794
1.14044,0.10794
1.14044,0.10794
1.14044,0.10794
1.14044,0.10794
1.14044,0.10794
1.14044,0.10794
1.14044,0.10794
1.14044,0.10794
1.14044,0.10794
1.14044,0.10794
1.14044,0.10794
1.14044,0.10794
1.14044,0.10794
1.14044,0.10794
1.14044,0.10794
1.14044,0.10794
1.14044,0.10794
1.14044,0.10794
1.14044,0.10794
1.14044,0.10794
1.14044,0.10794
1.14044,0.10794
1.14044,0.10794
1.16176,0.10794
1.16176,0.10794
1.16176,0.10794
1.16176,0.10794
1.16176,0.10794
1.16176,0.10794
1.16176,0.10794
1.16176,0.10794
1.16176,0.10794
1.16176,0.10794
1.16176,0.10794
1.16176,0.10794
1.16176,0.10794
1.16176,0.10794
1.16176,0.10794
1.16176,0.10794
1.16176,0.10794
1.16176,0.10794
1.16176,0.10794
1.16176,0.10794
1.16176,0.10794
1.10661,0.10794
1.10661,0.10794
1.10661,0.10794
1.10661,0.10794
1.12705,0.10794
1.12705,0.10794
1.12705,0.10794
1.12705,0.10794
1.12705,0.10794
1.12705,0.10794
1.12705,0.10794
1.12705,0.10393
1.12705,0.10393
1.12705,0.10393
1.12705,0.10393
1.12705,0.10393
1.12705,0.10393
1.12705,0.10393
1.12705,0.10393
1.14783,0.10393
1.14783,0.10393
1.14783,0.10393
1.14783,0.10393
1.14783,0.10393
1.14783,0.10393
1.14783,0.10393
1.14783,0.10393
1.14783,0.10393
1.14783,0.10393
1.14783,0.10393
1.14783,0.10393
1.14783,0.10393
1.14783,0.10393
1.14783,0.10393
1.14783,0.10393
1.14783,0.10393
1.14783,0.10393
1.19223,0.10393
1.19223,0.10393
1.19223,0.10393
1.19223,0.10393
1.19223,0.10393
1.19223,0.10393
1.19223,0.10393
1.19223,0.10393
1.19223,0.10393
1.19223,0.10393
1.19223,0.10393
1.19223,0.10393
1.19223,0.10393
1.19223,0.10393
1.19223,0.10393
1.19223,0.10393
1.19223,0.10393
1.19223,0.10393
1.19223,0.10393
1.19223,0.10393
1.19223,0.10393
1.19223,0.10393
1.19223,0.10393
1.19223,0.10393
1.19223,0.10393
1.19223,0.10393
1.19223,0.10393
1.19223,0.10393
1.19223,0.09827
1.19223,0.09827
1.20030,0.09827
1.20030,0.09827
1.20030,0.09827
1.20030,0.09827
1.20030,0.09827
1.16189,0.09827
1.16189,0.09827
1.16189,0.09827
1.16189,0.09827
1.16116,0.09827
1.16116,0.09827
1.16116,0.09827
1.16116,0.09827
1.16116,0.09827
1.16116,0.09827
1.16116,0.09827
1.16116,0.09827
1.16116,0.09827
1.13895,0.09827
1.13232,0.09827
1.13232,0.09827
1.13232,0.09827
1.13232,0.09827
1.13232,0.09827
1.13232,0.09827
1.13232,0.09827
1.13232,0.09827
1.13232,0.09827
1.13232,0.09827
1.13232,0.09827
1.13232,0.09827
1.13232,0.09827
1.16094,0.09827
1.16094,0.09827
1.16094,0.09827
1.16094,0.09827
1.16094,0.09827
1.16094,0.09827
1.16094,0.09827
1.16094,0.09827
1.16094,0.09827
1.15417,0.09827
1.15417,0.09827
1.15417,0.09827
1.15417,0.09827
1.15417,0.09827
1.15417,0.09827
1.15417,0.09827
1.15417,0.09827
1.15417,0.09827
1.15417,0.09827
1.15417,0.09827
1.15417,0.09827
1.15417,0.09827
1.15417,0.09827
1.15417,0.09827
1.15417,0.09827
1.15417,0.09827
1.15417,0.09827
1.15417,0.09827
1.15417,0.09827
1.15417,0.09827
1.15417,0.09827
1.15417,0.09827
1.15417,0.09827
1.15417,0.09827
1.15417,0.09827
1.15417,0.09827
1.15417,0.09827
1.15417,0.09827
1.15417,0.09827
1.15417,0.09827
1.15417,0.09827
1.15417,0.09827
1.15417,0.09827
1.15417,0.09827
1.15417,0.09827
1.15417,0.09827
1.15417,0.09827
1.15083,0.09827
1.15083,0.09827
1.15083,0.09827
1.15083,0.09827
1.15083,0.09827
1.17251,0.09827
1.17251,0.09827
1.17251,0.09827
1.17251,0.09827
1.17251,0.09827
1.17251,0.09827
1.17251,0.09827
1.17251,0.09827
1.17251,0.09827
1.17210,0.09827
1.17210,0.09827
1.17210,0.09827
1.17210,0.09827
1.17210,0.09827
1.17210,0.09827
1.17210,0.09827
1.17210,0.09827
1.17210,0.09827
1.17210,0.09827
1.17210,0.09827
1.17210,0.09827
1.17210,0.09827
1.17210,0.09827
1.17210,0.09827
1.17210,0.09827
1.17210,0.09827
1.17210,0.09827
1.17210,0.09827
1.17210,0.09827
1.19861,0.09827
1.19861,0.09827
1.19861,0.09827
1.19861,0.09827
1.19861,0.09827
1.19861,0.09827
1.19861,0.09827
1.19861,0.09827
1.19861,0.09827
1.19861,0.09827
1.19861,0.09827
1.19861,0.09827
1.19861,0.09827
1.19861,0.09827
1.19861,0.09827
1.19861,0.09827
1.19861,0.09827
1.19861,0.09827
1.19861,0.09827
1.19861,0.09827
1.19861,0.09827
1.19861,0.09827
1.19861,0.09827
1.19696,0.09827
1.19696,0.09827
1.19696,0.09827
1.19696,0.09827
1.19696,0.09827
1.19696,0.09827
1.19696,0.09827
1.19696,0.09827
1.19696,0.09827
1.19696,0.09827
1.19696,0.09827
1.19696,0.09827
1.19696,0.09827
1.19696,0.09827
1.19696,0.09827
1.19696,0.09827
1.19696,0.09827
1.19696,0.09827
1.19696,0.09827
1.19696,0.09827
1.19696,0.09827
1.19696,0.09827
1.19696,0.09827
1.19696,0.09827
1.19696,0.09827
1.19696,0.09827
1.19696,0.09827
1.19696,0.09827
1.19696,0.09827
1.19696,0.09827
1.19696,0.09827
1.19549,0.09827
1.19549,0.09827
1.19549,0.09827
1.19549,0.09827
1.27482,0.09827
1.27482,0.09827
1.27482,0.09827
1.27482,0.09827
1.27482,0.09827
1.27482,0.09827
1.27482,0.09827
1.27482,0.09827
1.27482,0.09827
1.27482,0.09827
1.27482,0.09827
1.26300,0.09827
1.26300,0.09827
1.26300,0.09827
1.26300,0.09827
1.26300,0.09827
1.26300,0.09827
1.26300,0.09827
1.26300,0.09827
1.26300,0.09827
1.27652,0.09827
1.27652,0.09827
1.27652,0.09827
1.27652,0.09827
1.27652,0.09827
1.27652,0.09827
1.27652,0.09827
1.27652,0.09827
1.27652,0.09827
1.22681,0.09827
1.22681,0.09827
1.22681,0.09827
1.22681,0.09827
1.22681,0.09827
1.22681,0.09827
1.22681,0.09827
1.22681,0.09827
1.22681,0.09827
1.22681,0.09827
1.22681,0.09827
1.22681,0.09827
1.22681,0.09827
1.22681,0.09827
1.22681,0.09827
1.22681,0.09827
1.22681,0.09827
1.21276,0.09827
1.21276,0.09827
1.21276,0.09827
1.21276,0.09827
1.21276,0.09827
1.21276,0.09827
1.21276,0.09827
1.21276,0.09827
1.21276,0.09827
1.21276,0.09827
1.21276,0.09827
1.21276,0.09827
1.21276,0.09827
1.21276,0.09827
1.21276,0.09827
1.21276,0.09827
1.21276,0.09827
1.22318,0.09827
1.22318,0.09827
1.22318,0.09827
1.22318,0.09827
1.22318,0.09827
1.22318,0.09827
1.22318,0.09827
1.22318,0.09827
1.22318,0.09827
1.22318,0.09827
1.22318,0.09827
1.22318,0.09827
1.23469,0.09827
1.23469,0.09827
1.23469,0.09827
1.23469,0.09827
1.23469,0.09827
1.23469,0.09827
1.23469,0.09827
1.23469,0.09827
1.23469,0.09827
1.23469,0.09827
1.23469,0.09827
1.23469,0.09827
1.23469,0.09827
1.23469,0.09827
1.23469,0.09827
1.23469,0.09827
1.23469,0.09827
1.17517,0.09827
1.17517,0.09827
1.17517,0.09827
1.17517,0.09827
1.17517,0.09827
1.17517,0.09827
1.19313,0.09827
1.19313,0.09827
1.19313,0.09827
1.19313,0.09827
1.19313,0.09827
1.19313,0.09827
1.19313,0.09827
1.19313,0.09827
1.19313,0.09827
1.19313,0.09827
1.19313,0.09827
1.19313,0.09827
1.19313,0.09827
1.22800,0.09827
1.22800,0.09827
1.22800,0.09827
1.22800,0.09827
1.22800,0.09827
1.22800,0.09827
1.22800,0.09827
1.22800,0.09827
1.22800,0.09827
1.22800,0.09827
1.22800,0.09827
1.21921,0.09827
1.21921,0.09827
1.21921,0.09827
1.21921,0.09827
1.21921,0.09827
1.21921,0.09827
1.21921,0.09827
1.21921,0.09827
1.21921,0.09827
1.21921,0.09827
1.21921,0.09827
1.21921,0.09827
1.21921,0.09827
1.21921,0.09827
1.21921,0.09827
1.21921,0.09827
1.21921,0.09827
1.21921,0.09827
1.21921,0.09827
1.21921,0.09827
1.21921,0.09827
1.21921,0.09827
1.21921,0.09827
1.21921,0.09827
1.21921,0.09827
1.21921,0.09827
1.21921,0.09827
1.21921,0.09827
1.21921,0.09827
1.21921,0.09827
1.21921,0.09827
1.21921,0.09827
1.21921,0.09827
1.21218,0.09827
1.21218,0.09827
1.21218,0.09827
1.21218,0.09827
1.21218,0.09827
1.21218,0.09827
1.21218,0.09827
1.21218,0.09827
1.21218,0.09827
1.18383,0.09827
1.18383,0.09827
1.18383,0.09827
1.18383,0.09827
1.18383,0.09827
1.18383,0.09827
1.18383,0.09827
1.18383,0.09827
1.18383,0.09827
1.18383,0.09827
1.18383,0.09827
1.18383,0.09827
1.18383,0.09827
1.18383,0.09827
1.18383,0.09827
1.18383,0.09827
1.18383,0.09827
1.18383,0.09827
1.18383,0.09827
1.18383,0.09827
1.18383,0.09827
1.18383,0.09827
1.18383,0.09827
1.18383,0.09827
1.18383,0.09827
1.18383,0.09827
1.18383,0.09827
1.18383,0.09827
1.18383,0.09827
1.18383,0.09827
1.14506,0.09827
1.14506,0.09827
1.14506,0.09827
1.14506,0.09827
1.14506,0.09827
1.14506,0.09827
1.19446,0.09827
1.19446,0.09827
1.19446,0.09827
1.16919,0.09827
1.16919,0.09827
1.16919,0.09827
1.16919,0.09827
1.16919,0.09827
1.16919,0.09827
1.16919,0.09827
1.16919,0.09827
1.16919,0.09827
1.16919,0.09827
1.16919,0.09827
1.16919,0.09827
1.16919,0.09827
1.16919,0.09827
1.16919,0.09827
1.16919,0.09827
1.16919,0.09827
1.18191,0.09827
1.18191,0.09827
1.18191,0.09827
1.18191,0.09827
1.18191,0.09827
1.18191,0.09827
1.18191,0.09827
1.18191,0.09827
1.18191,0.09827
1.18191,0.09827
1.16394,0.09827
1.16394,0.09827
1.16394,0.09827
1.16394,0.09850
1.16394,0.09850
1.16394,0.09850
1.16394,0.09850
1.16394,0.09850
1.16394,0.09850
1.16394,0.09850
1.16394,0.09850
1.16394,0.09850
1.16394,0.09850
1.16394,0.09850
1.16394,0.09850
1.16394,0.09850
1.16394,0.09850
1.16394,0.09850
1.16394,0.09850
1.16394,0.09850
1.16394,0.09850
1.16394,0.09850
1.16394,0.09850
1.16394,0.09850
1.16394,0.09850
1.16394,0.09850
1.16394,0.09850
1.16394,0.09850
1.24227,0.09850
1.24227,0.09850
1.24227,0.09850
1.24227,0.09850
1.24227,0.09850
1.24227,0.09850
1.24227,0.09850
1.24227,0.09850
1.21017,0.09850
1.21017,0.09850
1.21017,0.09850
1.21017,0.09850
1.21017,0.09850
1.21017,0.09850
1.21017,0.09850
1.21017,0.09850
1.21017,0.09850
1.21017,0.09850
1.21017,0.09850
1.21017,0.09850
1.21017,0.09850
1.21882,0.09850
1.21882,0.09850
1.21882,0.09850
1.21882,0.09850
1.21882,0.09850
1.21882,0.09850
1.21882,0.09850
1.21882,0.09850
1.21882,0.09850
1.21882,0.09850
1.21882,0.09850
1.21882,0.09850
1.21882,0.09850
1.21882,0.09850
1.21882,0.09850
1.21882,0.09850
1.21882,0.09850
1.21882,0.09850
1.21882,0.09850
1.21882,0.09850
1.21882,0.09850
1.21882,0.09850
1.21882,0.09850
1.21882,0.09850
1.24064,0.09850
1.24064,0.09850
1.24199,0.09850
1.24199,0.09850
1.24199,0.09850
1.24199,0.09850
1.24199,0.09850
1.24199,0.09850
1.24281,0.09850
1.20548,0.09850
1.21543,0.09850
1.21543,0.09850
1.23059,0.09850
1.23059,0.09850
1.23059,0.09393
1.23059,0.09393
1.23059,0.09393
1.23059,0.09393
1.23059,0.09393
1.23059,0.09393
1.23059,0.09393
1.23059,0.09393
1.23059,0.09393
1.23059,0.09393
1.25190,0.09393
1.25190,0.09393
1.25190,0.09393
1.25190,0.09393
1.25190,0.09393
1.25190,0.09393
1.24837,0.09393
1.22808,0.09393
1.16028,0.09393
1.16028,0.09393
1.16028,0.09393
1.16028,0.09393
1.16028,0.09393
1.16028,0.09393
1.16028,0.09393
1.16028,0.09393
1.16028,0.09393
1.16028,0.09393
1.16028,0.09393
1.16028,0.09393
1.16028,0.09393
1.16028,0.09393
1.16028,0.09393
1.18549,0.09393
1.18549,0.09393
1.18549,0.09393
1.18549,0.09393
1.18549,0.09393
1.18549,0.09393
1.18549,0.09393
1.18549,0.09393
1.18549,0.09393
1.18549,0.09393
1.18549,0.09393
1.18549,0.09393
1.18549,0.09393
1.18549,0.09393
1.18549,0.09393
1.18549,0.09393
1.18549,0.09393
1.18549,0.09393
1.18549,0.09393
1.18549,0.09393
1.18549,0.09393
1.18549,0.09393
1.18549,0.09393
1.18549,0.09393
1.18549,0.09393
1.18549,0.09393
1.18549,0.09393
1.18549,0.09393
1.18549,0.09393
1.18549,0.09393
1.14074,0.09393
1.14074,0.09393
1.14074,0.09393
1.14074,0.09393
1.14074,0.09393
1.14074,0.09393
1.14074,0.09393
1.14074,0.09393
1.14074,0.09393
1.14074,0.09393
1.17533,0.09393
1.17533,0.09393
1.17533,0.09393
1.17533,0.09393
1.17533,0.09393
1.17533,0.09393
1.17533,0.09393
1.17533,0.09393
1.17533,0.09393
1.17533,0.09393
1.17533,0.09393
1.17533,0.09393
1.17533,0.09393
1.17533,0.09393
1.17533,0.09393
1.17533,0.09393
1.17533,0.09393
1.17533,0.09393
1.17533,0.09393
1.17533,0.09393
1.17533,0.09393
1.17533,0.09393
1.17533,0.09393
1.17533,0.09393
1.17533,0.09393
1.17533,0.09393
1.15626,0.09393
1.15626,0.09393
1.15626,0.09393
1.16278,0.09393
1.16278,0.09393
1.16278,0.09393
1.16278,0.09393
1.08920,0.09393
1.17502,0.09393
1.09994,0.09393
1.09994,0.09393
1.09994,0.09393
1.09994,0.09393
1.09994,0.09393
1.09994,0.09393
1.09994,0.09393
1.09994,0.09393
1.09994,0.09393
1.09994,0.09393
1.09994,0.09393
1.09994,0.09393
1.09994,0.09393
1.09994,0.09393
1.09994,0.09393
1.09994,0.09393
1.09994,0.09393
1.09994,0.09393
1.09994,0.09393
1.09994,0.09393
1.09994,0.09393
1.09994,0.09393
1.09994,0.09393
1.09994,0.09393
1.08266,0.09393
1.08266,0.09393
1.08266,0.09393
1.08266,0.09393
1.08266,0.09393
1.08266,0.09393
1.08266,0.09393
1.08266,0.09393
1.08266,0.09393
1.08266,0.09393
1.08266,0.09393
1.10031,0.09393
1.10031,0.09393
1.10031,0.09393
1.10031,0.09393
1.10031,0.09393
1.10031,0.09393
1.10031,0.09393
1.10031,0.09393
1.10031,0.09393
1.10031,0.09393
1.10031,0.09393
1.10031,0.09393
1.10031,0.09393
1.10031,0.09393
1.10031,0.09393
1.10031,0.09393
1.10031,0.09393
1.10031,0.09266
1.10031,0.09266
1.10031,0.09266
1.10031,0.09266
1.10031,0.09266
1.10031,0.09266
1.10031,0.09266
1.10031,0.09266
1.10031,0.09266
1.10031,0.09266
1.10031,0.09266
1.10031,0.09266
1.10031,0.09266
1.10031,0.09266
1.10031,0.09266
1.10031,0.09266
1.10031,0.09266
1.10031,0.09266
1.10031,0.09266
1.10031,0.09266
1.10031,0.09266
1.10031,0.09266
1.10031,0.09266
1.10031,0.09266
1.10031,0.09266
1.10031,0.09266
1.10031,0.09266
1.10031,0.09266
1.10031,0.09266
1.10031,0.09266
1.10031,0.09266
1.10031,0.09266
1.10031,0.09266
1.10031,0.09266
1.10031,0.09266
1.10031,0.09266
1.10031,0.09266
1.10031,0.09266
1.10031,0.09266
1.10031,0.09266
1.10031,0.09266
1.10031,0.09266
1.10031,0.09266
1.10031,0.09266
1.10031,0.09266
1.10031,0.09266
1.10031,0.09266
1.10031,0.09266
1.10031,0.09266
1.10031,0.09266
1.10031,0.09266
1.10031,0.09266
1.11288,0.09266
1.11288,0.09266
1.11288,0.09266
1.11288,0.09266
1.11288,0.09266
1.11288,0.09266
1.11288,0.09266
1.04507,0.09266
1.04507,0.09266
1.04507,0.09266
1.04507,0.09266
1.04507,0.09266
1.04507,0.09266
1.04507,0.09266
1.04507,0.09266
1.04507,0.09266
1.04507,0.09266
1.04507,0.09266
1.04507,0.09266
1.04507,0.09266
1.04507,0.09266
1.04507,0.09266
1.04507,0.09266
1.04507,0.09266
1.04507,0.09266
1.04507,0.09266
1.04507,0.09266
1.04507,0.09266
1.04507,0.09266
1.04507,0.09266
1.04507,0.09266
1.04507,0.09266
1.04507,0.09266
1.04507,0.09266
1.04507,0.09266
1.04507,0.09266
1.04507,0.09266
1.04507,0.09266
1.04704,0.09266
1.04704,0.09266
1.04704,0.09266
1.04704,0.09266
1.04704,0.09266
1.04704,0.09266
1.06969,0.09266
1.06969,0.09266
1.06969,0.09266
1.06969,0.09266
1.06969,0.09266
1.06969,0.09266
1.06969,0.09266
1.06969,0.09266
1.06969,0.09266
1.06969,0.09266
1.06969,0.09266
1.06969,0.09266
1.06969,0.09266
1.06969,0.09266
1.06969,0.09266
1.06969,0.09266
1.06969,0.09266
1.06969,0.09266
1.06969,0.09266
1.06969,0.09266
1.06969,0.09266
1.06969,0.09266
1.06969,0.09266
1.06969,0.09266
1.06969,0.09266
1.08060,0.09266
1.08060,0.09266
1.08060,0.09266
1.08060,0.09266
1.08060,0.09266
1.08060,0.09266
1.08060,0.09266
1.08060,0.09266
1.08060,0.09266
1.08060,0.09266
1.08060,0.09266
1.08060,0.09266
1.08060,0.09266
1.08060,0.09266
1.08060,0.09266
1.08060,0.09266
1.08060,0.09266
1.08060,0.09266
1.02059,0.09266
1.02059,0.09266
1.02059,0.09266
1.02059,0.09266
1.02059,0.09266
1.02059,0.09266
1.02059,0.09266
1.02027,0.09266
1.02027,0.09266
1.02027,0.09266
1.02027,0.09266
1.02027,0.09266
1.02027,0.09266
1.02027,0.09266
1.02027,0.09266
1.02027,0.09266
1.02027,0.09266
1.07584,0.09266
1.07584,0.09266
1.07584,0.09266
1.07584,0.09266
1.07584,0.09266
1.07584,0.09266
1.04082,0.09266
1.04082,0.09266
1.04082,0.09266
1.04082,0.09266
1.04082,0.09266
1.04082,0.09266
1.04082,0.09266
1.04082,0.09266
1.04082,0.09266
1.04082,0.09266
1.04082,0.09266
1.04082,0.09266
1.04082,0.09273
1.04082,0.09273
1.04082,0.09273
1.04605,0.09273
1.04605,0.09273
1.04605,0.09273
1.04605,0.09273
1.04605,0.09273
1.04605,0.09273
1.04605,0.09273
1.04605,0.09273
1.04605,0.09273
1.04605,0.09273
1.04605,0.09273
1.04605,0.09273
1.08537,0.09273
1.08537,0.09273
1.08537,0.09196
1.08537,0.09196
1.09106,0.09196
1.09106,0.09196
1.09106,0.09196
1.09106,0.09196
1.09106,0.09196
1.09106,0.09196
1.09106,0.09196
1.10182,0.09196
1.10182,0.09196
1.10182,0.09196
1.10182,0.09196
1.10182,0.09196
1.10182,0.09196
1.10182,0.08871
1.10182,0.08871
1.10182,0.08871
1.10182,0.08871
1.10182,0.08871
1.10182,0.08871
1.10484,0.08871
1.10484,0.08871
1.10484,0.08871
1.10484,0.08871
1.10484,0.08871
1.10484,0.08871
1.10484,0.08871
1.10484,0.08871
1.10484,0.08871
1.10484,0.08871
1.10484,0.08871
1.10484,0.08871
1.10484,0.08871
1.10484,0.08871
1.10484,0.08871
1.10484,0.08871
1.10484,0.08871
1.10484,0.08871
1.10484,0.08871
1.10484,0.08871
1.10484,0.08871
1.10484,0.08871
1.10484,0.08871
1.10484,0.08871
1.10484,0.08871
1.10484,0.08871
1.10484,0.08871
1.10484,0.08871
1.10484,0.08871
1.07073,0.08871
1.07073,0.08871
1.07073,0.08871
1.07073,0.08871
1.05765,0.08871
1.05765,0.08871
1.05765,0.08871
1.05765,0.08871
1.05765,0.08871
1.05765,0.08871
1.05765,0.08871
1.05765,0.08871
1.05765,0.08871
1.05765,0.08871
1.05765,0.08871
1.05765,0.08871
1.05765,0.08871
1.05765,0.08871
1.05765,0.08871
1.05765,0.08871
1.05765,0.08871
1.05765,0.08871
1.05765,0.08871
1.05765,0.08871
1.05765,0.08871
1.05765,0.08871
1.05765,0.08871
1.05765,0.08871
1.05765,0.08871
1.05765,0.08871
1.05765,0.08871
1.05765,0.08871
1.05765,0.08871
1.05765,0.08871
1.05765,0.08871
1.05765,0.08871
1.05765,0.08871
1.05765,0.08871
1.05765,0.08871
1.05765,0.08871
1.03147,0.08871
1.03147,0.08871
1.03147,0.08871
1.03147,0.08871
1.03147,0.08871
1.03147,0.08871
1.03147,0.08871
1.03147,0.08871
1.03147,0.08871
1.03147,0.08871
1.07684,0.08871
1.07684,0.08871
1.07684,0.08871
1.07684,0.08871
1.07684,0.08871
1.07684,0.08871
1.07684,0.08871
1.07684,0.08871
1.07684,0.08871
1.07684,0.08871
1.07684,0.08871
1.07684,0.08871
1.07684,0.08871
1.07684,0.08871
1.07684,0.08871
1.07684,0.08871
1.07684,0.08871
1.07684,0.08871
1.07684,0.08871
1.07684,0.08871
1.07684,0.08871
1.07684,0.08871
1.07684,0.08871
1.07684,0.08871
1.07684,0.08871
1.07684,0.08871
1.07684,0.08871
1.07684,0.08845
1.07684,0.08845
1.07684,0.08845
1.07684,0.08845
1.07684,0.08845
1.07684,0.08845
1.07684,0.08845
1.07684,0.08845
1.07684,0.08845
1.07684,0.08845
1.07684,0.08845
1.07684,0.08845
1.07684,0.08845
1.07684,0.08845
1.07684,0.08845
1.07684,0.08845
1.07684,0.08845
1.07684,0.08845
1.07684,0.08845
1.07684,0.08845
1.07684,0.08845
1.01526,0.08845
1.01526,0.08845
1.01526,0.08845
1.01526,0.08845
1.01526,0.08845
1.07857,0.08845
1.05990,0.08845
1.05990,0.08845
1.05990,0.08845
1.05990,0.08845
1.05990,0.08845
1.05990,0.08845
1.05990,0.08845
1.05990,0.08845
1.05990,0.08845
1.05990,0.08845
1.05990,0.08845
1.05990,0.08845
1.05990,0.08845
1.05990,0.08845
1.05990,0.08845
1.05017,0.08845
1.05017,0.08845
1.05017,0.08845
1.05874,0.08845
1.05874,0.08845
1.05874,0.08845
1.05874,0.08845
1.05874,0.08845
1.05874,0.08845
1.05874,0.08845
1.05874,0.08845
1.05874,0.08845
1.05874,0.08845
1.05874,0.08845
1.05874,0.08845
1.05874,0.08845
1.05874,0.08845
1.05874,0.08764
1.05874,0.08764
1.05874,0.08764
1.05874,0.08764
1.05874,0.08764
1.05874,0.08764
1.05874,0.08764
1.05874,0.08764
1.05874,0.08764
1.04654,0.08764
1.04654,0.08764
1.04654,0.08764
1.04654,0.08764
1.04654,0.08764
1.04654,0.08764
1.04654,0.08764
1.04654,0.08764
1.04654,0.08764
1.04654,0.08764
1.04654,0.08764
1.04654,0.08764
1.04654,0.08764
1.04654,0.08764
1.04654,0.08764
1.04654,0.08764
1.04654,0.08764
1.04654,0.08764
1.04654,0.08764
1.04654,0.08764
1.04654,0.08764
1.04654,0.08764
1.04654,0.08764
1.04654,0.08764
1.04654,0.08764
1.04654,0.08764
1.04654,0.08764
1.04654,0.08764
1.04654,0.08764
1.04654,0.08764
1.04654,0.08764
1.04654,0.08764
1.04654,0.08764
1.04654,0.08764
1.04654,0.08764
1.04654,0.08764
1.04654,0.08764
1.04654,0.08764
1.04654,0.08764
1.04654,0.08764
1.04654,0.08764
1.04654,0.08764
1.04654,0.08764
1.04654,0.08764
1.04654,0.08764
1.04654,0.08764
1.04654,0.08764
1.04654,0.08764
1.04654,0.08764
1.04654,0.08764
1.04654,0.08764
1.04654,0.08764
1.04654,0.08764
1.04654,0.08764
1.04654,0.08764
1.04654,0.08764
1.04654,0.08764
1.04654,0.08764
1.04654,0.08764
1.04654,0.08764
1.04654,0.08764
1.04654,0.08764
1.04654,0.08764
1.04654,0.08764
1.04654,0.08764
1.04654,0.08764
1.04654,0.08764
1.04654,0.08764
1.02124,0.08764
1.02124,0.08764
1.02124,0.08764
1.02124,0.08764
1.02124,0.08764
1.02124,0.08764
1.02124,0.08764
1.02124,0.08764
1.02124,0.08764
1.04491,0.08764
1.04491,0.08764
1.04491,0.08764
1.04491,0.08764
1.03819,0.08764
1.03819,0.08764
1.03819,0.08764
1.03819,0.08764
1.03819,0.08764
1.03819,0.08764
1.03819,0.08764
1.03819,0.08764
1.03819,0.08764
1.03819,0.08764
1.03819,0.08764
1.03819,0.08764
1.03819,0.08764
1.03819,0.08764
1.03819,0.08764
1.03819,0.08764
1.03819,0.08764
1.03819,0.08764
1.03819,0.08764
0.98171,0.08764
0.98171,0.08764
1.00112,0.08764
1.00112,0.08764
1.00112,0.08764
1.00112,0.08764
1.00112,0.08764
1.00112,0.08764
1.00112,0.08764
1.00112,0.08764
1.00112,0.08764
1.00112,0.08764
1.00112,0.08764
1.00112,0.08764
1.00112,0.08764
1.00112,0.08764
1.00112,0.08764
1.00112,0.08764
1.00112,0.08764
1.00112,0.08764
1.00112,0.08764
1.00112,0.08764
1.00112,0.08764
1.00112,0.08764
1.00112,0.08764
1.00112,0.08764
1.00112,0.08764
1.00112,0.08764
1.01082,0.08764
1.01082,0.08764
1.01082,0.08764
1.01082,0.08764
1.01082,0.08764
1.01082,0.08764
1.01082,0.08764
1.01082,0.08764
1.01082,0.08764
1.01082,0.08764
1.01082,0.08764
1.01082,0.08764
1.01082,0.08764
1.01082,0.08764
1.01082,0.08764
1.01082,0.08764
1.01082,0.08764
1.01082,0.08764
1.01082,0.08764
1.01082,0.08764
1.01082,0.08764
1.01082,0.08764
1.01082,0.08764
1.01082,0.08764
1.01082,0.08764
1.01082,0.08764
1.01082,0.08764
1.01082,0.08764
1.01082,0.08764
1.01082,0.08764
1.01082,0.08764
1.01082,0.08764
1.01082,0.08764
1.01082,0.08764
1.01082,0.08764
1.01082,0.08764
1.01082,0.08764
1.01082,0.08764
1.01082,0.08764
1.01082,0.08764
1.01082,0.08764
1.01082,0.08764
1.01082,0.08764
1.01082,0.08764
1.01082,0.08764
1.01082,0.08764
1.01082,0.08764
1.01082,0.08764
1.02206,0.08764
1.02206,0.08764
1.02206,0.08764
1.02206,0.08764
1.02206,0.08764
1.02206,0.08764
1.02206,0.08764
1.02206,0.08764
1.02206,0.08764
1.02206,0.08764
1.02206,0.08764
1.02206,0.08764
1.02206,0.08764
1.02206,0.08764
1.02206,0.08764
1.02206,0.08764
1.02206,0.08764
1.02206,0.08764
1.02206,0.08764
1.02206,0.08764
1.02206,0.08764
1.02206,0.08764
1.02206,0.08764
0.96895,0.08489
0.96895,0.08489
0.96895,0.08489
0.96895,0.08489
0.96895,0.08489
0.96895,0.08489
0.96895,0.08489
0.96895,0.08489
0.96895,0.08489
0.96895,0.08489
0.96895,0.08489
0.96895,0.08489
0.96895,0.08489
0.96895,0.08489
0.96895,0.08489
0.96895,0.08489
0.96895,0.08489
0.96895,0.08489
0.96895,0.08489
0.96895,0.08489
0.96895,0.08489
0.96895,0.08489
0.96895,0.08489
0.96895,0.08489
0.96895,0.08489
0.96895,0.08489
0.96895,0.08489
0.96895,0.08489
0.96895,0.08489
0.96895,0.08489
0.96895,0.08489
0.96895,0.08489
0.96895,0.08489
0.96895,0.08489
0.95742,0.08489
0.95742,0.08489
0.95742,0.08489
0.95742,0.08489
0.95742,0.08489
0.95742,0.08489
0.95742,0.08489
0.95742,0.08489
0.95742,0.08489
0.95742,0.08489
0.95742,0.08489
0.95742,0.08489
0.95742,0.08489
0.95742,0.08489
0.95742,0.08489
0.95742,0.08489
0.95742,0.08489
0.95742,0.08489
0.95742,0.08489
0.95742,0.08489
0.95742,0.08489
0.95742,0.08489
0.95742,0.08489
0.95742,0.08489
0.95742,0.08489
0.95742,0.08489
0.95742,0.08489
0.95742,0.08489
0.95742,0.08489
0.95742,0.08489
0.97968,0.08489
0.97968,0.08489
0.97968,0.08489
0.97968,0.08489
0.97968,0.08489
0.97968,0.08489
0.97968,0.08489
0.97968,0.08489
0.97968,0.08489
0.97968,0.08489
0.97968,0.08489
0.97968,0.08489
0.97968,0.08489
0.97968,0.08489
0.97968,0.08489
0.97968,0.08489
0.97968,0.08489
0.97968,0.08489
0.97968,0.08489
0.97968,0.08489
0.97968,0.08489
0.97968,0.08489
0.97968,0.08489
0.97804,0.08489
0.97804,0.08489
0.97804,0.08489
0.97804,0.08489
0.97804,0.08489
0.97804,0.08489
0.97804,0.08489
0.97804,0.08489
0.97804,0.08489
0.97804,0.08489
0.97804,0.08489
0.97804,0.08489
0.97804,0.08489
0.97804,0.08489
0.97804,0.08489
0.97804,0.08489
0.97804,0.08489
0.97804,0.08489
0.97804,0.08489
0.97804,0.08489
0.96898,0.08489
0.96898,0.08489
0.96898,0.08489
0.96898,0.08489
0.96898,0.08489
0.96898,0.08489
0.96898,0.08489
0.96898,0.08489
0.96898,0.08489
0.96898,0.08489
0.96898,0.08489
0.96898,0.08489
0.96898,0.08489
0.96898,0.08489
0.96898,0.08489
0.96898,0.08489
0.96898,0.08489
0.96898,0.08489
0.96898,0.08489
0.96898,0.08489
0.96898,0.08489
0.96898,0.08489
0.96898,0.08489
0.96898,0.08489
0.96898,0.08489
0.96898,0.08489
0.96898,0.08489
0.96898,0.08489
0.96898,0.08489
0.96898,0.08489
0.96898,0.08489
0.96898,0.08489
0.96898,0.08489
0.96898,0.08489
0.96898,0.08489
0.96898,0.08489
0.95375,0.08489
0.95375,0.08489
0.95375,0.08489
0.95375,0.08489
0.95375,0.08489
0.95375,0.08489
0.95375,0.08489
0.95375,0.08489
0.95375,0.08489
0.95375,0.08489
0.95375,0.08489
0.95375,0.08489
0.97250,0.08489
0.97250,0.08489
0.97250,0.08489
0.97250,0.08489
0.97250,0.08489
0.97250,0.08489
0.97250,0.08489
0.97250,0.08489
0.97250,0.08489
0.97250,0.08489
0.97250,0.08489
0.97250,0.08489
0.97250,0.08489
0.97250,0.08489
0.97250,0.08489
0.97250,0.08489
0.97250,0.08489
0.97250,0.08489
0.97250,0.08489
0.97250,0.08489
0.97250,0.08489
0.97250,0.08489
0.97250,0.08489
0.97250,0.08489
0.97250,0.08489
0.97250,0.08489
0.97250,0.08489
0.97250,0.08489
0.97250,0.08489
0.97250,0.08489
0.97250,0.08489
0.97250,0.08489
0.97250,0.08489
0.97250,0.08489
0.97250,0.08489
0.97250,0.08489
0.97250,0.08489
0.97250,0.08489
0.97250,0.08489
0.97250,0.08489
0.97250,0.08489
0.97250,0.08489
0.97250,0.08489
0.97250,0.08489
0.97250,0.08489
0.96552,0.08489
0.96552,0.08489
0.96552,0.08489
0.96552,0.08489
0.96552,0.08489
0.99787,0.08489
0.99787,0.08489
0.99787,0.08489
0.99787,0.08489
0.99787,0.08489
0.99787,0.08489
0.99787,0.08489
1.02727,0.08489
1.02727,0.08489
1.02727,0.08489
1.02727,0.08489
1.02727,0.08489
1.02727,0.08489
1.02727,0.08489
1.02727,0.08489
1.02727,0.08489
1.02727,0.08489
1.02727,0.08489
1.02727,0.08489
1.02727,0.08489
0.98548,0.08489
0.98548,0.08489
0.98548,0.08489
0.98548,0.08489
0.98548,0.08489
0.98548,0.08489
0.98548,0.08489
0.98548,0.08489
0.98548,0.08489
0.98548,0.08489
0.98548,0.08489
0.98548,0.08489
0.98548,0.08489
0.98548,0.08489
0.98548,0.08489
0.98548,0.08489
0.98548,0.08489
0.98548,0.08489
0.98548,0.08489
0.98548,0.08489
0.98548,0.08489
0.98548,0.08489
0.98548,0.08489
0.98548,0.08489
0.98548,0.08489
0.98548,0.08489
0.98548,0.08489
0.98548,0.08489
0.98548,0.08489
0.98548,0.08489
0.98548,0.08489
0.98548,0.08489
0.98548,0.08489
0.98548,0.08489
0.98548,0.08489
0.98548,0.08489
0.98548,0.08489
0.98548,0.08489
0.98548,0.08489
0.98548,0.08489
0.98548,0.08489
0.98548,0.08489
0.98548,0.08489
0.98548,0.08489
0.98548,0.08489
0.98548,0.08489
0.98548,0.08489
0.98548,0.08489
0.98548,0.08489
0.98548,0.08489
0.98548,0.08489
0.98548,0.08489
0.98548,0.08489
0.98548,0.08165
0.98548,0.08165
0.99528,0.08165
0.99528,0.08165
0.99528,0.08165
0.99528,0.08165
0.99528,0.08165
0.99528,0.08165
1.01871,0.08165
1.01871,0.08165
1.01871,0.08165
0.94939,0.08165
0.94939,0.08165
0.94939,0.08165
0.94939,0.08165
0.94939,0.08165
0.96252,0.08165
0.96252,0.08165
0.96252,0.08165
0.96252,0.08165
0.96252,0.08165
0.96252,0.08165
0.96252,0.08165
0.96252,0.08165
0.96252,0.08165
0.96252,0.08165
0.96252,0.08165
0.96252,0.08165
0.96252,0.08165
0.96252,0.08165
0.96842,0.08165
0.96842,0.08165
0.96842,0.08165
0.96842,0.08165
0.96842,0.08165
0.96842,0.08165
0.96842,0.08165
0.96842,0.08165
0.96842,0.08165
0.96842,0.08165
0.96842,0.08165
0.96842,0.08165
0.96842,0.08165
0.96842,0.08165
0.96842,0.08165
0.97274,0.08165
0.97274,0.08165
0.97274,0.08165
0.97274,0.08165
0.97274,0.08165
0.97274,0.08165
0.97274,0.08165
