wkt_geom	fid	id	T_78to14	P_78to14
Point (-94.0796653000000731 38.23224799999999846)	252	251	0.00804	213.18915
Point (-94.0796653000000731 38.19058129999999807)	276	275	0.00851	228.99341
Point (-94.03799860000007982 38.23224799999999846)	253	252	0.00978	207.53748
Point (-94.03799860000007982 38.19058129999999807)	277	276	0.01026	224.10944
Point (-94.12133200000006639 38.23224799999999846)	251	250	0.01043	228.74182
Point (-94.12133200000006639 38.19058129999999807)	275	274	0.01076	251.52063
Point (-94.53799899999999923 37.89891439999999534)	433	432	0.01156	254.93256
Point (-94.53799899999999923 37.94058109999999573)	409	408	0.0118	244.64679
Point (-94.53799899999999923 37.85724769999999495)	457	456	0.01217	272.04791
Point (-94.49633230000000594 37.89891439999999534)	434	433	0.01229	265.45282
Point (-94.53799899999999923 37.98224779999999612)	385	384	0.01232	258.37756
Point (-94.49633230000000594 37.94058109999999573)	410	409	0.01245	252.86224
Point (-94.45466560000001266 37.89891439999999534)	435	434	0.01257	267.35468
Point (-94.0796653000000731 38.27391469999999885)	228	227	0.01271	208.42578
Point (-94.45466560000001266 37.94058109999999573)	411	410	0.01278	252.31622
Point (-94.49633230000000594 37.85724769999999495)	458	457	0.01279	280.85339
Point (-94.49633230000000594 37.98224779999999612)	386	385	0.01305	263.91858
Point (-94.53799899999999923 38.02391449999999651)	361	360	0.01309	257.71436
Point (-94.41299890000001938 37.89891439999999534)	436	435	0.01312	262.92596
Point (-94.0796653000000731 38.14891459999999768)	300	299	0.01313	270.55652
Point (-94.49633230000000594 37.81558099999999456)	482	481	0.01317	281.20105
Point (-94.45466560000001266 37.85724769999999495)	459	458	0.01323	282.91742
Point (-94.41299890000001938 37.94058109999999573)	412	411	0.01342	256.64844
Point (-93.99633190000008653 38.23224799999999846)	254	253	0.01357	224.84241
Point (-94.45466560000001266 37.98224779999999612)	387	386	0.01362	263.15216
Point (-94.03799860000007982 38.27391469999999885)	229	228	0.01371	205.33698
Point (-93.99633190000008653 38.19058129999999807)	278	277	0.01382	250.90259
Point (-94.41299890000001938 37.85724769999999495)	460	459	0.01384	268.08026
Point (-94.03799860000007982 38.14891459999999768)	301	300	0.01384	264.63385
Point (-94.53799899999999923 38.0655811999999969)	337	336	0.01385	233.58801
Point (-94.49633230000000594 38.02391449999999651)	362	361	0.01391	267.09351
Point (-94.45466560000001266 37.81558099999999456)	483	482	0.01395	288.38306
Point (-94.12133200000006639 38.14891459999999768)	299	298	0.014	284.5722
Point (-94.12133200000006639 38.27391469999999885)	227	226	0.01414	212.84363
Point (-94.37133220000002609 37.89891439999999534)	437	436	0.01415	256.30463
Point (-94.37133220000002609 37.94058109999999573)	413	412	0.01422	261.7218
Point (-94.41299890000001938 37.98224779999999612)	388	387	0.01428	262.8277
Point (-94.45466560000001266 37.77391429999999417)	507	506	0.01446	291.87097
Point (-94.45466560000001266 38.02391449999999651)	363	362	0.01447	265.70343
Point (-94.37133220000002609 37.85724769999999495)	461	460	0.01451	255.92426
Point (-94.49633230000000594 38.0655811999999969)	338	337	0.01471	237.26862
Point (-94.16299870000005967 38.23224799999999846)	250	249	0.01479	233.14441
Point (-94.41299890000001938 37.81558099999999456)	484	483	0.01481	266.55963
Point (-94.16299870000005967 38.19058129999999807)	274	273	0.01481	248.80237
Point (-94.53799899999999923 38.10724789999999729)	313	312	0.01487	209.56696
Point (-94.37133220000002609 37.98224779999999612)	389	388	0.0149	266.00757
Point (-94.41299890000001938 38.02391449999999651)	364	363	0.01524	261.43646
Point (-94.37133220000002609 37.81558099999999456)	485	484	0.01529	256.77179
Point (-94.32966550000003281 37.89891439999999534)	438	437	0.0153	260.77527
Point (-94.45466560000001266 38.0655811999999969)	339	338	0.01538	240.24225
Point (-94.32966550000003281 37.85724769999999495)	462	461	0.01547	266.08881
Point (-94.41299890000001938 37.77391429999999417)	508	507	0.01556	282.76288
Point (-94.32966550000003281 37.94058109999999573)	414	413	0.01565	265.71478
Point (-94.37133220000002609 38.02391449999999651)	365	364	0.0157	260.32617
Point (-93.99633190000008653 38.14891459999999768)	302	301	0.01577	271.66583
Point (-94.0796653000000731 38.10724789999999729)	324	323	0.0159	292.79504
Point (-94.32966550000003281 37.81558099999999456)	486	485	0.01595	278.89661
Point (-94.32966550000003281 37.98224779999999612)	390	389	0.01598	261.2323
Point (-94.12133200000006639 38.10724789999999729)	323	322	0.01602	298.99921
Point (-94.49633230000000594 38.10724789999999729)	314	313	0.01605	206.78888
Point (-94.37133220000002609 37.77391429999999417)	509	508	0.01608	273.6806
Point (-94.53799899999999923 38.14891459999999768)	289	288	0.01616	208.01556
Point (-94.41299890000001938 37.73224759999999378)	532	531	0.01618	283.75494
Point (-94.41299890000001938 38.0655811999999969)	340	339	0.0162	241.70441
Point (-94.16299870000005967 38.14891459999999768)	298	297	0.01627	275.72882
Point (-93.99633190000008653 38.27391469999999885)	230	229	0.01627	203.35864
Point (-94.28799880000003952 37.89891439999999534)	439	438	0.01632	274.66187
Point (-94.28799880000003952 37.85724769999999495)	463	462	0.01635	280.48755
Point (-94.32966550000003281 38.02391449999999651)	366	365	0.01637	255.44183
Point (-94.03799860000007982 38.10724789999999729)	325	324	0.01651	282.68396
Point (-94.28799880000003952 37.81558099999999456)	487	486	0.01658	290.42584
Point (-94.28799880000003952 37.94058109999999573)	415	414	0.01661	274.75269
Point (-94.32966550000003281 37.77391429999999417)	510	509	0.01663	283.74884
Point (-94.37133220000002609 38.0655811999999969)	341	340	0.01665	247.38501
Point (-94.28799880000003952 37.98224779999999612)	391	390	0.01671	263.75562
Point (-94.0796653000000731 38.31558139999999923)	204	203	0.01676	202.61377
Point (-94.37133220000002609 37.73224759999999378)	533	532	0.01684	280.33826
Point (-94.16299870000005967 38.10724789999999729)	322	321	0.01685	291.5
Point (-94.28799880000003952 38.02391449999999651)	367	366	0.01688	258.52185
Point (-94.16299870000005967 38.27391469999999885)	226	225	0.01692	219.32538
Point (-94.45466560000001266 38.10724789999999729)	315	314	0.01703	211.42389
Point (-94.32966550000003281 38.0655811999999969)	342	341	0.01703	247.92487
Point (-94.24633210000004624 37.89891439999999534)	440	439	0.01709	279.2738
Point (-94.24633210000004624 37.81558099999999456)	488	487	0.01714	293.50543
Point (-94.24633210000004624 38.0655811999999969)	344	343	0.01718	273.95111
Point (-94.24633210000004624 37.85724769999999495)	464	463	0.01719	282.55286
Point (-94.28799880000003952 38.0655811999999969)	343	342	0.01724	255.96161
Point (-94.24633210000004624 37.98224779999999612)	392	391	0.01725	278.31262
Point (-94.28799880000003952 37.77391429999999417)	511	510	0.01725	293.68909
Point (-94.24633210000004624 38.02391449999999651)	368	367	0.01728	278.01746
Point (-94.20466540000005295 38.02391449999999651)	369	368	0.01731	298.35797
Point (-94.24633210000004624 37.94058109999999573)	416	415	0.01735	283.26801
Point (-93.95466520000009325 38.19058129999999807)	279	278	0.01737	261.27246
Point (-94.32966550000003281 37.73224759999999378)	534	533	0.01738	282.367
Point (-94.0796653000000731 38.0655811999999969)	348	347	0.01742	315.37598
Point (-94.20466540000005295 38.0655811999999969)	345	344	0.01743	294.68463
Point (-93.95466520000009325 38.23224799999999846)	255	254	0.0175	235.57501
Point (-94.12133200000006639 38.0655811999999969)	347	346	0.01751	310.82867
Point (-94.03799860000007982 38.31558139999999923)	205	204	0.01751	199.73376
Point (-94.24633210000004624 37.77391429999999417)	512	511	0.01752	293.51392
Point (-94.37133220000002609 37.69058089999999339)	557	556	0.01753	275.495
Point (-94.53799899999999923 38.19058129999999807)	265	264	0.01753	201.47363
Point (-94.20466540000005295 37.94058109999999573)	417	416	0.01755	299.68774
Point (-94.12133200000006639 38.31558139999999923)	203	202	0.01756	207.15186
Point (-94.16299870000005967 38.0655811999999969)	346	345	0.01758	303.11639
Point (-94.20466540000005295 38.10724789999999729)	321	320	0.01759	280.66461
Point (-94.03799860000007982 38.0655811999999969)	349	348	0.01762	316.90912
Point (-94.20466540000005295 37.98224779999999612)	393	392	0.01763	298.17621
Point (-94.20466540000005295 37.89891439999999534)	441	440	0.01765	291.52338
Point (-94.28799880000003952 37.73224759999999378)	535	534	0.01775	287.8974
Point (-94.0796653000000731 37.60724749999999261)	612	611	0.01777	303.98383
Point (-93.99633190000008653 38.10724789999999729)	326	325	0.01777	283.63062
Point (-94.41299890000001938 38.10724789999999729)	316	315	0.01785	223.3269
Point (-94.20466540000005295 37.85724769999999495)	465	464	0.01793	290.54541
Point (-94.20466540000005295 37.77391429999999417)	513	512	0.01795	293.92505
Point (-94.20466540000005295 37.81558099999999456)	489	488	0.01795	297.85101
Point (-94.16299870000005967 37.94058109999999573)	418	417	0.01797	318.62689
Point (-94.32966550000003281 37.69058089999999339)	558	557	0.01802	277.86664
Point (-94.49633230000000594 38.14891459999999768)	290	289	0.01812	201.72919
Point (-94.16299870000005967 38.02391449999999651)	370	369	0.01812	308.68823
Point (-94.53799899999999923 38.23224799999999846)	241	240	0.01812	186.07361
Point (-94.24633210000004624 37.73224759999999378)	536	535	0.01819	291.21924
Point (-94.16299870000005967 37.89891439999999534)	442	441	0.0182	308.89331
Point (-94.16299870000005967 37.98224779999999612)	394	393	0.01821	312.10498
Point (-94.24633210000004624 38.10724789999999729)	320	319	0.01823	267.98767
Point (-93.99633190000008653 38.0655811999999969)	350	349	0.01824	314.59338
Point (-94.20466540000005295 37.73224759999999378)	537	536	0.01832	291.82245
Point (-93.95466520000009325 38.14891459999999768)	303	302	0.01835	276.45386
Point (-94.37133220000002609 38.10724789999999729)	317	316	0.01836	234.776
Point (-94.28799880000003952 38.10724789999999729)	319	318	0.01838	256.85999
Point (-94.20466540000005295 38.19058129999999807)	273	272	0.0184	235.70068
Point (-94.28799880000003952 37.69058089999999339)	559	558	0.01841	284.08862
Point (-94.12133200000006639 37.60724749999999261)	611	610	0.01847	312.47943
Point (-94.16299870000005967 37.77391429999999417)	514	513	0.01852	305.4278
Point (-94.16299870000005967 37.85724769999999495)	466	465	0.01861	302.95563
Point (-94.12133200000006639 37.94058109999999573)	419	418	0.01863	337.61737
Point (-94.12133200000006639 38.02391449999999651)	371	370	0.01863	320.86035
Point (-93.95466520000009325 37.648914199999993)	591	590	0.01865	279.65961
Point (-94.20466540000005295 38.14891459999999768)	297	296	0.01866	260.88739
Point (-94.16299870000005967 37.81558099999999456)	490	489	0.01871	310.65308
Point (-93.99633190000008653 38.02391449999999651)	374	373	0.01877	324.20483
Point (-94.32966550000003281 38.10724789999999729)	318	317	0.01879	247.03143
Point (-93.95466520000009325 38.0655811999999969)	351	350	0.01886	311.76245
Point (-94.20466540000005295 37.69058089999999339)	561	560	0.01887	297.46661
Point (-94.24633210000004624 37.69058089999999339)	560	559	0.01887	290.75861
Point (-94.12133200000006639 37.89891439999999534)	443	442	0.01887	331.20691
Point (-93.99633190000008653 37.648914199999993)	590	589	0.01888	291.75482
Point (-94.03799860000007982 38.02391449999999651)	373	372	0.01888	326.88318
Point (-94.16299870000005967 37.73224759999999378)	538	537	0.01889	298.83905
Point (-94.0796653000000731 37.648914199999993)	588	587	0.01894	310.95282
Point (-93.91299850000009997 37.648914199999993)	592	591	0.01896	265.19366
Point (-94.12133200000006639 37.98224779999999612)	395	394	0.019	326.98389
Point (-94.20466540000005295 38.23224799999999846)	249	248	0.019	222.53558
Point (-94.0796653000000731 38.02391449999999651)	372	371	0.01902	325.77533
Point (-94.53799899999999923 38.27391469999999885)	217	216	0.01902	176.61627
Point (-93.95466520000009325 38.02391449999999651)	375	374	0.01918	318.73163
Point (-94.0796653000000731 37.89891439999999534)	444	443	0.0192	351.24786
Point (-94.0796653000000731 37.94058109999999573)	420	419	0.01921	344.61432
Point (-94.16299870000005967 37.69058089999999339)	562	561	0.01924	307.06818
Point (-94.16299870000005967 38.31558139999999923)	202	201	0.01925	217.53363
Point (-93.99633190000008653 37.89891439999999534)	446	445	0.01926	364.95905
Point (-94.12133200000006639 37.648914199999993)	587	586	0.01928	316.927
Point (-94.03799860000007982 37.648914199999993)	589	588	0.01931	299.5069
Point (-93.99633190000008653 37.98224779999999612)	398	397	0.01931	328.43585
Point (-93.95466520000009325 38.10724789999999729)	327	326	0.01934	291.90381
Point (-94.12133200000006639 37.81558099999999456)	491	490	0.01939	331.83362
Point (-94.12133200000006639 37.85724769999999495)	467	466	0.01939	325.91522
Point (-94.03799860000007982 37.89891439999999534)	445	444	0.01941	364.19421
Point (-94.0796653000000731 38.35724809999999962)	180	179	0.01948	198.98328
Point (-94.53799899999999923 38.31558139999999923)	193	192	0.01948	178.50403
Point (-94.53799899999999923 38.35724809999999962)	169	168	0.01949	168.13666
Point (-94.12133200000006639 37.77391429999999417)	515	514	0.0195	328.29047
Point (-93.95466520000009325 37.98224779999999612)	399	398	0.01954	323.65234
Point (-94.12133200000006639 37.73224759999999378)	539	538	0.01956	318.72882
Point (-94.12133200000006639 37.69058089999999339)	563	562	0.01957	318.99554
Point (-94.16299870000005967 37.648914199999993)	586	585	0.01957	313.46722
Point (-93.99633190000008653 37.94058109999999573)	422	421	0.01958	345.1322
Point (-94.03799860000007982 37.98224779999999612)	397	396	0.01958	324.42041
Point (-94.03799860000007982 37.94058109999999573)	421	420	0.01961	340.97705
Point (-94.0796653000000731 37.98224779999999612)	396	395	0.01961	329.28302
Point (-94.49633230000000594 38.19058129999999807)	266	265	0.01961	192.58405
Point (-94.16299870000005967 37.60724749999999261)	610	609	0.01963	316.12524
Point (-93.91299850000009997 38.0655811999999969)	352	351	0.01965	312.59784
Point (-94.0796653000000731 37.69058089999999339)	564	563	0.01966	328.63464
Point (-93.95466520000009325 37.89891439999999534)	447	446	0.0197	355.53027
Point (-94.45466560000001266 38.14891459999999768)	291	290	0.0197	199.07947
Point (-93.91299850000009997 37.89891439999999534)	448	447	0.01973	352.6322
Point (-93.91299850000009997 37.98224779999999612)	400	399	0.01977	308.79852
Point (-94.12133200000006639 38.35724809999999962)	179	178	0.01978	207.72528
Point (-94.20466540000005295 37.648914199999993)	585	584	0.0198	309.13849
Point (-93.95466520000009325 37.69058089999999339)	567	566	0.01982	302.81799
Point (-93.91299850000009997 37.94058109999999573)	424	423	0.01982	323.21112
Point (-94.28799880000003952 37.648914199999993)	583	582	0.01984	280.83978
Point (-94.0796653000000731 37.73224759999999378)	540	539	0.01987	338.51642
Point (-93.87133180000010668 37.89891439999999534)	449	448	0.0199	338.42108
Point (-93.91299850000009997 38.02391449999999651)	376	375	0.01991	312.00977
Point (-93.99633190000008653 38.31558139999999923)	206	205	0.01991	190.34863
Point (-93.95466520000009325 37.94058109999999573)	423	422	0.01995	339.96783
Point (-94.0796653000000731 37.81558099999999456)	492	491	0.01997	357.13196
Point (-94.24633210000004624 37.648914199999993)	584	583	0.01998	296.24561
Point (-93.95466520000009325 38.27391469999999885)	231	230	0.02003	203.1319
Point (-93.87133180000010668 37.94058109999999573)	425	424	0.0201	308.38501
Point (-93.91299850000009997 37.85724769999999495)	472	471	0.0201	350.67499
Point (-93.99633190000008653 37.85724769999999495)	470	469	0.02018	379.65344
Point (-94.03799860000007982 37.69058089999999339)	565	564	0.02021	328.5874
Point (-93.95466520000009325 37.85724769999999495)	471	470	0.02022	355.43585
Point (-94.0796653000000731 37.85724769999999495)	468	467	0.02024	352.6889
Point (-94.20466540000005295 38.27391469999999885)	225	224	0.02025	223.66327
Point (-93.99633190000008653 37.69058089999999339)	566	565	0.02027	322.74017
Point (-94.0796653000000731 37.77391429999999417)	516	515	0.02031	349.93896
Point (-93.87133180000010668 37.98224779999999612)	401	400	0.02031	298.51947
Point (-94.03799860000007982 37.85724769999999495)	469	468	0.02039	381.94763
Point (-93.95466520000009325 37.77391429999999417)	519	518	0.02041	337.38068
Point (-93.91299850000009997 37.69058089999999339)	568	567	0.02042	277.67426
Point (-93.87133180000010668 37.85724769999999495)	473	472	0.02042	339.59894
Point (-93.91299850000009997 38.19058129999999807)	280	279	0.02042	258.19
Point (-93.95466520000009325 37.73224759999999378)	543	542	0.02043	326.61078
Point (-93.95466520000009325 37.81558099999999456)	495	494	0.02044	346.41864
Point (-94.03799860000007982 37.73224759999999378)	541	540	0.02047	347.28107
Point (-94.16299870000005967 38.35724809999999962)	178	177	0.02056	225.47021
Point (-93.99633190000008653 37.81558099999999456)	494	493	0.02059	372.25409
Point (-93.99633190000008653 37.73224759999999378)	542	541	0.0206	343.79767
Point (-93.91299850000009997 37.81558099999999456)	496	495	0.02062	330.54065
Point (-94.24633210000004624 38.14891459999999768)	296	295	0.02063	252.466
Point (-93.8296651000001134 37.85724769999999495)	474	473	0.02072	323.47894
Point (-94.03799860000007982 37.81558099999999456)	493	492	0.02075	375.60309
Point (-94.49633230000000594 38.23224799999999846)	242	241	0.02079	173.46716
Point (-93.8296651000001134 37.89891439999999534)	450	449	0.0208	319.2215
Point (-94.03799860000007982 37.77391429999999417)	517	516	0.02086	357.00562
Point (-93.8296651000001134 37.94058109999999573)	426	425	0.02087	301.45728
Point (-93.99633190000008653 37.77391429999999417)	518	517	0.02088	352.78497
Point (-93.91299850000009997 37.77391429999999417)	520	519	0.0209	310.70996
Point (-93.91299850000009997 38.14891459999999768)	304	303	0.02093	280.12231
Point (-93.70466500000013355 37.85724769999999495)	477	476	0.02095	255.57239
Point (-94.49633230000000594 38.35724809999999962)	170	169	0.02098	168.23944
Point (-93.78799840000012011 37.89891439999999534)	451	450	0.02104	300.74396
Point (-93.91299850000009997 37.73224759999999378)	544	543	0.02108	297.91644
Point (-93.87133180000010668 38.02391449999999651)	377	376	0.02109	304.32336
Point (-93.74633170000012683 37.85724769999999495)	476	475	0.0211	277.67462
Point (-94.41299890000001938 38.14891459999999768)	292	291	0.0211	203.52545
Point (-94.49633230000000594 38.4405815000000004)	122	121	0.02111	180.07703
Point (-93.62133160000014698 38.02391449999999651)	383	382	0.02112	283.41827
Point (-94.03799860000007982 38.35724809999999962)	181	180	0.02112	193.87958
Point (-93.8296651000001134 37.98224779999999612)	402	401	0.02113	298.20483
Point (-93.78799840000012011 37.94058109999999573)	427	426	0.02115	296.1604
Point (-93.87133180000010668 37.81558099999999456)	497	496	0.02117	317.65405
Point (-94.49633230000000594 38.39891480000000001)	146	145	0.02117	155.64746
Point (-93.78799840000012011 37.85724769999999495)	475	474	0.02118	300.46259
Point (-94.20466540000005295 38.31558139999999923)	201	200	0.02118	234.27271
Point (-93.91299850000009997 38.10724789999999729)	328	327	0.02121	301.21368
Point (-93.91299850000009997 38.23224799999999846)	256	255	0.02124	228.24957
Point (-93.74633170000012683 37.94058109999999573)	428	427	0.02135	287.58313
Point (-93.87133180000010668 37.69058089999999339)	569	568	0.02136	241.14124
Point (-93.74633170000012683 37.81558099999999456)	500	499	0.02136	265.27063
Point (-93.74633170000012683 37.77391429999999417)	524	523	0.02138	251.74048
Point (-93.8296651000001134 37.69058089999999339)	570	569	0.02143	203.55341
Point (-94.12133200000006639 38.39891480000000001)	155	154	0.02143	192.61975
Point (-93.66299830000014026 37.94058109999999573)	430	429	0.02149	283.828
Point (-93.70466500000013355 37.94058109999999573)	429	428	0.02149	285.23187
Point (-93.8296651000001134 37.81558099999999456)	498	497	0.02149	306.46747
Point (-93.87133180000010668 38.0655811999999969)	353	352	0.0215	314.56012
Point (-93.74633170000012683 37.89891439999999534)	452	451	0.02152	279.04199
Point (-93.78799840000012011 37.98224779999999612)	403	402	0.02153	304.74298
Point (-94.24633210000004624 38.19058129999999807)	272	271	0.02153	224.04218
Point (-94.49633230000000594 38.31558139999999923)	194	193	0.02153	172.84326
Point (-93.70466500000013355 37.89891439999999534)	453	452	0.02155	268.78607
Point (-93.78799840000012011 37.81558099999999456)	499	498	0.02158	286.62665
Point (-94.49633230000000594 38.27391469999999885)	218	217	0.02159	167.77228
Point (-93.62133160000014698 38.0655811999999969)	359	358	0.02161	291.12451
Point (-93.66299830000014026 37.98224779999999612)	406	405	0.0217	288.30603
Point (-94.37133220000002609 38.14891459999999768)	293	292	0.02171	218.27136
Point (-94.20466540000005295 38.35724809999999962)	177	176	0.02172	230.69489
Point (-94.16299870000005967 38.39891480000000001)	154	153	0.02178	211.96704
Point (-94.45466560000001266 38.19058129999999807)	267	266	0.02183	183.03888
Point (-93.66299830000014026 38.02391449999999651)	382	381	0.02186	292.78674
Point (-94.28799880000003952 38.14891459999999768)	295	294	0.02193	245.98944
Point (-93.74633170000012683 37.98224779999999612)	404	403	0.02198	303.79315
Point (-93.87133180000010668 37.73224759999999378)	545	544	0.02203	259.09833
Point (-93.70466500000013355 37.98224779999999612)	405	404	0.02205	296.48859
Point (-93.78799840000012011 37.73224759999999378)	547	546	0.02208	221.19171
Point (-93.87133180000010668 37.77391429999999417)	521	520	0.02208	283.24963
Point (-94.45466560000001266 38.48224820000000079)	99	98	0.02208	186.97388
Point (-94.32966550000003281 38.14891459999999768)	294	293	0.02211	234.56299
Point (-93.8296651000001134 38.02391449999999651)	378	377	0.02211	306.54846
Point (-93.78799840000012011 37.77391429999999417)	523	522	0.02213	252.09381
Point (-94.0796653000000731 38.39891480000000001)	156	155	0.02215	180.5556
Point (-93.95466520000009325 38.31558139999999923)	207	206	0.02216	186.3974
Point (-93.91299850000009997 38.27391469999999885)	232	231	0.02223	202.68939
Point (-93.87133180000010668 38.19058129999999807)	281	280	0.02227	258.39008
Point (-94.45466560000001266 38.4405815000000004)	123	122	0.0223	176.47021
Point (-93.87133180000010668 38.14891459999999768)	305	304	0.02234	284.74817
Point (-93.99633190000008653 38.35724809999999962)	182	181	0.02237	189.96442
Point (-93.87133180000010668 38.10724789999999729)	329	328	0.02243	308.75183
Point (-94.45466560000001266 38.52391490000000118)	75	74	0.02249	183.37885
Point (-93.8296651000001134 37.73224759999999378)	546	545	0.02251	227.88617
Point (-93.8296651000001134 37.77391429999999417)	522	521	0.02251	263.66748
Point (-94.20466540000005295 38.39891480000000001)	153	152	0.02251	210.94037
Point (-93.8296651000001134 38.0655811999999969)	354	353	0.02255	316.59644
Point (-93.70466500000013355 38.02391449999999651)	381	380	0.02269	305.41669
Point (-93.87133180000010668 38.23224799999999846)	257	256	0.02271	225.69965
Point (-94.45466560000001266 38.39891480000000001)	147	146	0.02273	163.20905
Point (-93.66299830000014026 38.0655811999999969)	358	357	0.0228	307.41608
Point (-93.78799840000012011 38.02391449999999651)	379	378	0.02285	318.72565
Point (-94.03799860000007982 38.39891480000000001)	157	156	0.02293	174.89368
Point (-94.24633210000004624 38.23224799999999846)	248	247	0.02293	213.17505
Point (-93.74633170000012683 38.02391449999999651)	380	379	0.02295	319.2052
Point (-94.16299870000005967 38.4405815000000004)	130	129	0.02304	182.60406
Point (-94.24633210000004624 38.39891480000000001)	152	151	0.02305	193.41425
Point (-94.45466560000001266 38.35724809999999962)	171	170	0.02311	174.59808
Point (-93.8296651000001134 38.10724789999999729)	330	329	0.02312	309.74707
Point (-94.20466540000005295 38.4405815000000004)	129	128	0.02321	187.71143
Point (-94.24633210000004624 38.35724809999999962)	176	175	0.02324	222.95239
Point (-93.78799840000012011 38.0655811999999969)	355	354	0.02327	318.87299
Point (-94.24633210000004624 38.4405815000000004)	128	127	0.02327	173.73663
Point (-94.41299890000001938 38.48224820000000079)	100	99	0.02331	182.73987
Point (-93.8296651000001134 38.14891459999999768)	306	305	0.02335	285.62305
Point (-94.41299890000001938 38.4405815000000004)	124	123	0.0234	174.72211
Point (-93.70466500000013355 38.0655811999999969)	357	356	0.0235	320.58124
Point (-93.8296651000001134 38.19058129999999807)	282	281	0.02353	255.56525
Point (-93.91299850000009997 38.31558139999999923)	208	207	0.02353	179.56104
Point (-93.57966490000015369 38.14891459999999768)	312	311	0.02354	269.96045
Point (-94.12133200000006639 38.4405815000000004)	131	130	0.02366	167.2514
Point (-93.78799840000012011 38.10724789999999729)	331	330	0.02369	307.31042
Point (-93.62133160000014698 38.10724789999999729)	335	334	0.02369	292.75885
Point (-94.24633210000004624 38.31558139999999923)	200	199	0.02369	243.45953
Point (-94.41299890000001938 38.52391490000000118)	76	75	0.0237	180.22363
Point (-94.20466540000005295 38.48224820000000079)	105	104	0.02375	161.20642
Point (-94.37133220000002609 38.48224820000000079)	101	100	0.02376	179.00983
Point (-93.95466520000009325 38.35724809999999962)	183	182	0.02377	186.47168
Point (-94.32966550000003281 38.48224820000000079)	102	101	0.02378	167.59747
Point (-93.74633170000012683 38.0655811999999969)	356	355	0.02379	323.57861
Point (-93.87133180000010668 38.27391469999999885)	233	232	0.02379	195.23767
Point (-94.28799880000003952 38.4405815000000004)	127	126	0.02379	164.54907
Point (-94.24633210000004624 38.48224820000000079)	104	103	0.02379	162.85962
Point (-94.28799880000003952 38.48224820000000079)	103	102	0.0238	162.61237
Point (-94.24633210000004624 38.27391469999999885)	224	223	0.02381	223.32208
Point (-94.41299890000001938 38.39891480000000001)	148	147	0.02387	166.79718
Point (-94.28799880000003952 38.39891480000000001)	151	150	0.02392	176.83081
Point (-94.0796653000000731 38.4405815000000004)	132	131	0.02392	156.52917
Point (-93.66299830000014026 38.10724789999999729)	334	333	0.02396	307.362
Point (-93.70466500000013355 38.10724789999999729)	333	332	0.02397	314.48114
Point (-94.45466560000001266 38.31558139999999923)	195	194	0.02399	177.24548
Point (-94.37133220000002609 38.4405815000000004)	125	124	0.02399	175.39526
Point (-93.8296651000001134 38.23224799999999846)	258	257	0.02401	223.45044
Point (-93.70466500000013355 38.14891459999999768)	309	308	0.02403	283.44928
Point (-93.74633170000012683 38.10724789999999729)	332	331	0.02403	310.1861
Point (-94.03799860000007982 38.4405815000000004)	133	132	0.02404	152.11786
Point (-93.78799840000012011 38.14891459999999768)	307	306	0.02412	278.51697
Point (-93.99633190000008653 38.39891480000000001)	158	157	0.02412	176.02203
Point (-94.45466560000001266 38.23224799999999846)	243	242	0.02415	167.00085
Point (-93.74633170000012683 38.14891459999999768)	308	307	0.02417	275.18524
Point (-93.57966490000015369 38.19058129999999807)	288	287	0.02419	244.15619
Point (-94.41299890000001938 38.19058129999999807)	268	267	0.02419	177.565
Point (-93.66299830000014026 38.14891459999999768)	310	309	0.02423	287.25586
Point (-94.28799880000003952 38.19058129999999807)	271	270	0.02423	214.05066
Point (-94.28799880000003952 38.52391490000000118)	79	78	0.02423	174.04095
Point (-94.32966550000003281 38.4405815000000004)	126	125	0.02427	170.72595
Point (-93.78799840000012011 38.19058129999999807)	283	282	0.02435	246.26379
Point (-94.16299870000005967 38.48224820000000079)	106	105	0.02435	159.18176
Point (-93.70466500000013355 38.19058129999999807)	285	284	0.0244	252.23486
Point (-94.37133220000002609 38.39891480000000001)	149	148	0.02441	170.31219
Point (-94.24633210000004624 38.52391490000000118)	80	79	0.02443	157.17157
Point (-94.37133220000002609 38.52391490000000118)	77	76	0.02445	185.74713
Point (-93.62133160000014698 38.14891459999999768)	311	310	0.02454	277.97443
Point (-94.32966550000003281 38.39891480000000001)	150	149	0.02456	173.06659
Point (-94.32966550000003281 38.52391490000000118)	78	77	0.02456	188.38055
Point (-93.74633170000012683 38.19058129999999807)	284	283	0.02458	245.0202
Point (-93.87133180000010668 38.31558139999999923)	209	208	0.02458	168.32361
Point (-94.20466540000005295 38.52391490000000118)	81	80	0.02458	138.61322
Point (-93.62133160000014698 38.19058129999999807)	287	286	0.02459	250.33447
Point (-93.91299850000009997 38.35724809999999962)	184	183	0.02459	172.24316
Point (-93.66299830000014026 38.19058129999999807)	286	285	0.02461	256.70221
Point (-93.57966490000015369 38.23224799999999846)	264	263	0.02461	230.7406
Point (-94.41299890000001938 38.56558160000000157)	52	51	0.02461	177.82202
Point (-94.16299870000005967 38.52391490000000118)	82	81	0.0247	127.36462
Point (-94.28799880000003952 38.35724809999999962)	175	174	0.02473	213.04089
Point (-94.45466560000001266 38.27391469999999885)	219	218	0.02479	165.43524
Point (-94.20466540000005295 38.56558160000000157)	57	56	0.02482	125.68701
Point (-93.78799840000012011 38.23224799999999846)	259	258	0.02484	218.87085
Point (-93.8296651000001134 38.27391469999999885)	234	233	0.02486	189.66577
Point (-93.57966490000015369 38.27391469999999885)	240	239	0.02496	234.323
Point (-94.0796653000000731 38.48224820000000079)	108	107	0.02496	145.62628
Point (-94.16299870000005967 38.56558160000000157)	58	57	0.02499	106.13586
Point (-93.95466520000009325 38.39891480000000001)	159	158	0.02502	175.95782
Point (-94.20466540000005295 38.60724830000000196)	33	32	0.02502	125.48462
Point (-94.12133200000006639 38.48224820000000079)	107	106	0.02503	153.90717
Point (-94.41299890000001938 38.35724809999999962)	172	171	0.02504	181.78833
Point (-94.12133200000006639 38.52391490000000118)	83	82	0.02511	128.77881
Point (-94.24633210000004624 38.56558160000000157)	56	55	0.02513	161.94086
Point (-93.74633170000012683 38.23224799999999846)	260	259	0.0252	224.62048
Point (-93.62133160000014698 38.23224799999999846)	263	262	0.02526	228.52905
Point (-94.37133220000002609 38.56558160000000157)	53	52	0.0253	193.82666
Point (-94.16299870000005967 38.60724830000000196)	34	33	0.02532	109.77423
Point (-94.03799860000007982 38.48224820000000079)	109	108	0.02533	142.12378
Point (-93.99633190000008653 38.4405815000000004)	134	133	0.02534	153.20441
Point (-94.28799880000003952 38.56558160000000157)	55	54	0.02535	188.10083
Point (-93.87133180000010668 38.35724809999999962)	185	184	0.02552	155.90558
Point (-93.70466500000013355 38.23224799999999846)	261	260	0.02553	228.32782
Point (-94.24633210000004624 38.60724830000000196)	32	31	0.02553	151.18365
Point (-93.8296651000001134 38.31558139999999923)	210	209	0.0256	169.15863
Point (-94.32966550000003281 38.56558160000000157)	54	53	0.02567	196.66681
Point (-93.91299850000009997 38.39891480000000001)	160	159	0.0257	169.86523
Point (-93.66299830000014026 38.23224799999999846)	262	261	0.02576	229.50177
Point (-94.37133220000002609 38.19058129999999807)	269	268	0.02579	184.93243
Point (-93.95466520000009325 38.4405815000000004)	135	134	0.02583	161.54761
Point (-94.12133200000006639 38.64891500000000235)	11	10	0.02583	87.5282
Point (-94.20466540000005295 38.64891500000000235)	9	8	0.02584	105.53601
Point (-94.12133200000006639 38.60724830000000196)	35	34	0.02591	96.42841
Point (-94.32966550000003281 38.35724809999999962)	174	173	0.02593	203.68878
Point (-93.78799840000012011 38.27391469999999885)	235	234	0.026	193.49506
Point (-94.16299870000005967 38.64891500000000235)	10	9	0.02603	100.87219
Point (-94.0796653000000731 38.64891500000000235)	12	11	0.02603	96.63
Point (-94.37133220000002609 38.35724809999999962)	173	172	0.02605	191.16162
Point (-94.32966550000003281 38.19058129999999807)	270	269	0.02608	201.164
Point (-93.62133160000014698 38.27391469999999885)	239	238	0.02615	224.87524
Point (-93.91299850000009997 38.4405815000000004)	136	135	0.02621	170.03162
Point (-94.24633210000004624 38.64891500000000235)	8	7	0.0263	120.51703
Point (-94.12133200000006639 38.56558160000000157)	59	58	0.02634	113.16742
Point (-94.0796653000000731 38.60724830000000196)	36	35	0.02635	103.60406
Point (-93.99633190000008653 38.48224820000000079)	110	109	0.02641	140.1662
Point (-94.0796653000000731 38.52391490000000118)	84	83	0.02644	141.44366
Point (-94.28799880000003952 38.31558139999999923)	199	198	0.02646	235.48407
Point (-93.95466520000009325 38.48224820000000079)	111	110	0.02649	146.24731
Point (-93.8296651000001134 38.35724809999999962)	186	185	0.0265	159.92822
Point (-93.87133180000010668 38.39891480000000001)	161	160	0.0265	160.00916
Point (-93.74633170000012683 38.27391469999999885)	236	235	0.02651	205.69916
Point (-94.03799860000007982 38.52391490000000118)	85	84	0.02658	138.18622
Point (-94.28799880000003952 38.60724830000000196)	31	30	0.02663	172.95679
Point (-94.03799860000007982 38.64891500000000235)	13	12	0.02663	129.565
Point (-94.28799880000003952 38.23224799999999846)	247	246	0.02684	202.26721
Point (-93.87133180000010668 38.4405815000000004)	137	136	0.02691	170.60034
Point (-94.03799860000007982 38.60724830000000196)	37	36	0.02693	130.44006
Point (-93.78799840000012011 38.31558139999999923)	211	210	0.02698	176.52411
Point (-94.0796653000000731 38.56558160000000157)	60	59	0.02702	126.16901
Point (-93.66299830000014026 38.27391469999999885)	238	237	0.02706	219.73578
Point (-93.99633190000008653 38.64891500000000235)	14	13	0.02707	163.56451
Point (-93.91299850000009997 38.48224820000000079)	112	111	0.02711	160.00458
Point (-94.41299890000001938 38.31558139999999923)	196	195	0.02714	186.99017
Point (-93.70466500000013355 38.27391469999999885)	237	236	0.02719	217.30145
Point (-93.8296651000001134 38.39891480000000001)	162	161	0.02722	162.24597
Point (-94.32966550000003281 38.60724830000000196)	30	29	0.02722	184.7016
Point (-94.37133220000002609 38.60724830000000196)	29	28	0.02728	188.2652
Point (-93.62133160000014698 38.31558139999999923)	215	214	0.02729	230.10498
Point (-94.03799860000007982 38.56558160000000157)	61	60	0.0273	137.66644
Point (-93.99633190000008653 38.52391490000000118)	86	85	0.02738	134.888
Point (-93.95466520000009325 38.52391490000000118)	87	86	0.02747	139.48438
Point (-93.99633190000008653 38.60724830000000196)	38	37	0.02751	161.31146
Point (-94.28799880000003952 38.64891500000000235)	7	6	0.02756	131.41858
Point (-93.87133180000010668 38.48224820000000079)	113	112	0.02765	167.22375
Point (-94.28799880000003952 38.27391469999999885)	223	222	0.0277	213.64844
Point (-93.91299850000009997 38.60724830000000196)	40	39	0.02773	173.7251
Point (-93.8296651000001134 38.4405815000000004)	138	137	0.02777	171.55762
Point (-93.95466520000009325 38.64891500000000235)	15	14	0.02786	186.01068
Point (-94.41299890000001938 38.23224799999999846)	244	243	0.02792	173.15997
Point (-93.70466500000013355 38.52391490000000118)	93	92	0.02804	224.13165
Point (-93.91299850000009997 38.64891500000000235)	16	15	0.02806	199.21021
Point (-93.99633190000008653 38.56558160000000157)	62	61	0.02811	146.18085
Point (-93.91299850000009997 38.52391490000000118)	88	87	0.02812	150.44763
Point (-93.74633170000012683 38.31558139999999923)	212	211	0.02815	192.13239
Point (-93.74633170000012683 38.56558160000000157)	68	67	0.02815	203.87799
Point (-93.91299850000009997 38.56558160000000157)	64	63	0.02817	148.72845
Point (-93.78799840000012011 38.35724809999999962)	187	186	0.02821	167.15619
Point (-93.8296651000001134 38.48224820000000079)	114	113	0.02824	171.09497
Point (-93.87133180000010668 38.52391490000000118)	89	88	0.02826	162.94562
Point (-93.78799840000012011 38.56558160000000157)	67	66	0.02826	186.30029
Point (-93.95466520000009325 38.56558160000000157)	63	62	0.02837	148.20306
Point (-93.62133160000014698 38.35724809999999962)	191	190	0.02843	224.64819
Point (-93.66299830000014026 38.48224820000000079)	118	117	0.02844	235.58258
Point (-93.74633170000012683 38.52391490000000118)	92	91	0.02845	205.44269
Point (-93.95466520000009325 38.60724830000000196)	39	38	0.02848	171.79224
Point (-93.66299830000014026 38.31558139999999923)	214	213	0.02859	219.36359
Point (-93.78799840000012011 38.39891480000000001)	163	162	0.02862	167.55865
Point (-93.87133180000010668 38.60724830000000196)	41	40	0.02862	172.79919
Point (-93.8296651000001134 38.56558160000000157)	66	65	0.02868	174.58899
Point (-94.32966550000003281 38.31558139999999923)	198	197	0.02871	219.44684
Point (-93.8296651000001134 38.52391490000000118)	90	89	0.02871	175.23865
Point (-93.87133180000010668 38.56558160000000157)	65	64	0.02872	157.53058
Point (-93.78799840000012011 38.4405815000000004)	139	138	0.02875	183.11731
Point (-93.78799840000012011 38.52391490000000118)	91	90	0.02876	186.19128
Point (-94.41299890000001938 38.27391469999999885)	220	219	0.02882	179.38611
Point (-93.78799840000012011 38.60724830000000196)	43	42	0.02882	187.26062
Point (-93.78799840000012011 38.48224820000000079)	115	114	0.02884	181.49835
Point (-93.70466500000013355 38.31558139999999923)	213	212	0.0289	208.72076
Point (-93.8296651000001134 38.60724830000000196)	42	41	0.02894	174.86499
Point (-93.87133180000010668 38.64891500000000235)	17	16	0.02904	195.5036
Point (-93.70466500000013355 38.48224820000000079)	117	116	0.02909	221.61859
Point (-94.37133220000002609 38.31558139999999923)	197	196	0.02913	202.61847
Point (-93.74633170000012683 38.48224820000000079)	116	115	0.02913	203.38757
Point (-93.62133160000014698 38.39891480000000001)	167	166	0.02929	235.52521
Point (-93.74633170000012683 38.4405815000000004)	140	139	0.03019	196.69019
Point (-94.32966550000003281 38.23224799999999846)	246	245	0.03019	191.08521
Point (-93.66299830000014026 38.4405815000000004)	142	141	0.03021	226.04523
Point (-94.37133220000002609 38.23224799999999846)	245	244	0.03051	181.07465
Point (-93.66299830000014026 38.35724809999999962)	190	189	0.03059	211.01221
Point (-93.74633170000012683 38.35724809999999962)	188	187	0.03072	173.65747
Point (-93.70466500000013355 38.4405815000000004)	141	140	0.03115	210.00415
Point (-94.32966550000003281 38.27391469999999885)	222	221	0.03139	200.68909
Point (-93.74633170000012683 38.39891480000000001)	164	163	0.03154	174.74823
Point (-93.66299830000014026 38.39891480000000001)	166	165	0.03166	211.72363
Point (-93.70466500000013355 38.35724809999999962)	189	188	0.03185	191.00281
Point (-94.37133220000002609 38.27391469999999885)	221	220	0.03216	191.55658
Point (-93.70466500000013355 38.39891480000000001)	165	164	0.03358	188.55322