wkt_geom	fid	id	T_78to14	P_78to14
Point (-75.36333291000005374 40.34166626000004641)	908	907	-1.00E-05	-45.54749
Point (-75.36333291000005374 40.38333293000004431)	868	867	0.002	-43.98047
Point (-75.32166624000005584 40.34166626000004641)	909	908	0.00272	-38.46252
Point (-75.32166624000005584 40.38333293000004431)	869	868	0.00298	-21.34094
Point (-75.40499958000005165 40.34166626000004641)	907	906	0.00573	-59.79163
Point (-75.40499958000005165 40.38333293000004431)	867	866	0.00639	-64.88147
Point (-75.27999957000005793 40.38333293000004431)	870	869	0.00902	-23.27637
Point (-75.44666625000004956 40.34166626000004641)	906	905	0.00939	-62.6676
Point (-75.44666625000004956 40.38333293000004431)	866	865	0.00957	-64.09607
Point (-75.48833292000004747 40.34166626000004641)	905	904	0.00963	-59.26611
Point (-75.27999957000005793 40.34166626000004641)	910	909	0.00977	-49.86743
Point (-75.48833292000004747 40.38333293000004431)	865	864	0.01035	-51.89563
Point (-75.32166624000005584 40.42499960000004222)	829	828	0.01037	-32.05603
Point (-75.52999959000004537 40.34166626000004641)	904	903	0.01038	-60.89368
Point (-75.36333291000005374 40.2999995900000485)	948	947	0.01047	-50.33521
Point (-75.36333291000005374 40.42499960000004222)	828	827	0.01104	-44.19263
Point (-75.52999959000004537 40.38333293000004431)	864	863	0.0116	-41.09082
Point (-75.32166624000005584 40.2999995900000485)	949	948	0.01162	-54.73633
Point (-75.40499958000005165 40.2999995900000485)	947	946	0.01198	-49.33118
Point (-75.27999957000005793 40.42499960000004222)	830	829	0.01231	-25.16931
Point (-75.44666625000004956 40.2999995900000485)	946	945	0.01331	-47.72998
Point (-75.40499958000005165 40.42499960000004222)	827	826	0.01349	-49.48694
Point (-75.23833290000006002 40.38333293000004431)	871	870	0.01387	-24.98132
Point (-75.57166626000004328 40.34166626000004641)	903	902	0.0141	-56.05371
Point (-75.48833292000004747 40.2999995900000485)	945	944	0.01413	-53.59863
Point (-75.27999957000005793 40.2999995900000485)	950	949	0.01426	-65.31396
Point (-75.44666625000004956 40.42499960000004222)	826	825	0.01471	-44.69922
Point (-75.23833290000006002 40.42499960000004222)	831	830	0.01487	-22.10486
Point (-74.94666621000007467 40.13333291000005687)	1118	1117	0.01504	-61.75342
Point (-75.52999959000004537 40.2999995900000485)	944	943	0.0151	-58.88464
Point (-75.23833290000006002 40.34166626000004641)	911	910	0.01542	-53.78979
Point (-75.48833292000004747 40.42499960000004222)	825	824	0.01578	-27.04492
Point (-75.57166626000004328 40.38333293000004431)	863	862	0.01589	-43.14014
Point (-75.27999957000005793 40.46666627000004013)	790	789	0.0159	-42.89331
Point (-75.32166624000005584 40.46666627000004013)	789	788	0.01597	-46.4325
Point (-74.90499954000007676 40.09166624000005896)	1159	1158	0.01613	-68.62915
Point (-75.44666625000004956 40.25833292000005059)	986	985	0.01614	-12.80054
Point (-74.94666621000007467 40.17499958000005478)	1078	1077	0.01624	-58.71631
Point (-74.90499954000007676 40.13333291000005687)	1119	1118	0.0163	-65.98926
Point (-75.36333291000005374 40.46666627000004013)	788	787	0.01647	-38.99158
Point (-75.23833290000006002 40.46666627000004013)	791	790	0.01665	-29.75781
Point (-74.98833288000007258 40.13333291000005687)	1117	1116	0.0168	-61.45776
Point (-75.40499958000005165 40.25833292000005059)	987	986	0.01683	-29.06287
Point (-74.90499954000007676 40.04999957000006106)	1199	1198	0.01695	-39.15552
Point (-74.90499954000007676 40.17499958000005478)	1079	1078	0.01707	-49.45239
Point (-75.57166626000004328 40.2999995900000485)	943	942	0.01709	-57.35999
Point (-74.98833288000007258 40.17499958000005478)	1077	1076	0.01709	-64.12439
Point (-75.36333291000005374 40.25833292000005059)	988	987	0.0171	-41.16309
Point (-75.07166622000006839 39.84166622000007152)	1395	1394	0.01717	18.6449
Point (-75.02999955000007049 39.84166622000007152)	1396	1395	0.01718	29.02466
Point (-75.52999959000004537 40.42499960000004222)	824	823	0.0172	-14.77515
Point (-75.44666625000004956 40.21666625000005268)	1026	1025	0.01726	0.8999
Point (-75.48833292000004747 40.25833292000005059)	985	984	0.01729	-36.85889
Point (-75.40499958000005165 40.46666627000004013)	787	786	0.01731	-29.41406
Point (-75.07166622000006839 39.96666623000006524)	1275	1274	0.01742	-31.46143
Point (-75.19666623000006211 40.38333293000004431)	872	871	0.01745	-28.59937
Point (-76.07166630000001817 39.79999955000007361)	1411	1410	0.01752	18.98157
Point (-75.19666623000006211 40.42499960000004222)	832	831	0.01758	-24.42383
Point (-74.94666621000007467 40.09166624000005896)	1158	1157	0.01771	-69.90674
Point (-75.02999955000007049 39.96666623000006524)	1276	1275	0.01785	-35.01062
Point (-75.23833290000006002 40.2999995900000485)	951	950	0.01786	-57.995
Point (-75.32166624000005584 40.25833292000005059)	989	988	0.01798	-43.49792
Point (-75.44666625000004956 40.46666627000004013)	786	785	0.01819	-21.64893
Point (-76.07166630000001817 39.7583328800000757)	1451	1450	0.01826	42.14832
Point (-76.11333297000001608 39.79999955000007361)	1410	1409	0.0183	3.13757
Point (-76.02999963000002026 39.7583328800000757)	1452	1451	0.01852	54.95703
Point (-74.90499954000007676 40.00833290000006315)	1239	1238	0.01858	-20.54956
Point (-75.02999955000007049 39.79999955000007361)	1436	1435	0.01859	-0.18079
Point (-75.19666623000006211 40.46666627000004013)	792	791	0.01862	-20.57336
Point (-75.07166622000006839 39.79999955000007361)	1435	1434	0.01864	0.12109
Point (-75.44666625000004956 39.84166622000007152)	1386	1385	0.01865	34.2804
Point (-76.32166632000000561 40.04999957000006106)	1165	1164	0.01872	42.63416
Point (-75.48833292000004747 40.21666625000005268)	1025	1024	0.01873	-37.74915
Point (-75.07166622000006839 39.92499956000006733)	1315	1314	0.01884	-43.45703
Point (-76.02999963000002026 39.79999955000007361)	1412	1411	0.01887	36.21936
Point (-75.40499958000005165 39.84166622000007152)	1387	1386	0.01904	57.78589
Point (-75.02999955000007049 39.88333289000006943)	1356	1355	0.01904	-17.10535
Point (-75.52999959000004537 40.25833292000005059)	984	983	0.01909	-56.33044
Point (-75.27999957000005793 40.25833292000005059)	990	989	0.01911	-51.24341
Point (-75.02999955000007049 39.92499956000006733)	1316	1315	0.01912	-57.86731
Point (-75.61333293000004119 40.34166626000004641)	902	901	0.01919	-55.00256
Point (-75.61333293000004119 40.2999995900000485)	942	941	0.01924	-54.34033
Point (-75.40499958000005165 40.21666625000005268)	1027	1026	0.01927	5.35938
Point (-75.07166622000006839 39.88333289000006943)	1355	1354	0.01934	-15.8446
Point (-74.98833288000007258 39.84166622000007152)	1397	1396	0.01938	-6.04883
Point (-76.2799996500000077 40.04999957000006106)	1166	1165	0.01939	47.46106
Point (-75.23833290000006002 40.50833294000003804)	751	750	0.01949	-35.57654
Point (-75.77999961000003282 39.67499954000007989)	1538	1537	0.01957	113.50745
Point (-75.98833296000002235 39.7166662100000778)	1493	1492	0.01968	70.32642
Point (-74.94666621000007467 40.04999957000006106)	1198	1197	0.01972	-49.41833
Point (-75.19666623000006211 40.50833294000003804)	752	751	0.01973	-26.57495
Point (-75.48833292000004747 40.46666627000004013)	785	784	0.01975	-12.52124
Point (-75.98833296000002235 39.7583328800000757)	1453	1452	0.01978	52.70203
Point (-75.19666623000006211 40.34166626000004641)	912	911	0.01988	-52.32385
Point (-75.15499956000006421 40.38333293000004431)	873	872	0.01992	-33.45483
Point (-75.40499958000005165 40.50833294000003804)	747	746	0.01993	-3.33997
Point (-75.15499956000006421 40.42499960000004222)	833	832	0.01997	-31.2793
Point (-75.36333291000005374 40.50833294000003804)	748	747	0.02001	-20.30603
Point (-75.57166626000004328 40.42499960000004222)	823	822	0.02003	-29.45911
Point (-75.32166624000005584 40.50833294000003804)	749	748	0.02004	-37.55701
Point (-75.40499958000005165 39.79999955000007361)	1427	1426	0.02006	80.21326
Point (-75.27999957000005793 40.50833294000003804)	750	749	0.02008	-41.93005
Point (-74.90499954000007676 40.21666625000005268)	1039	1038	0.02019	-32.69507
Point (-75.57166626000004328 40.09166624000005896)	1143	1142	0.02023	-45.68835
Point (-74.98833288000007258 39.88333289000006943)	1357	1356	0.02024	-27.73181
Point (-74.90499954000007676 39.96666623000006524)	1279	1278	0.02024	-27.88147
Point (-76.11333297000001608 39.84166622000007152)	1370	1369	0.02028	18.78943
Point (-75.57166626000004328 40.25833292000005059)	983	982	0.02033	-59.81128
Point (-75.94666629000002445 39.7166662100000778)	1494	1493	0.02033	76.36377
Point (-75.61333293000004119 40.38333293000004431)	862	861	0.02034	-53.60413
Point (-75.82166628000003072 39.67499954000007989)	1537	1536	0.02037	108.13367
Point (-75.07166622000006839 40.00833290000006315)	1235	1234	0.02038	-33.72461
Point (-74.98833288000007258 39.79999955000007361)	1437	1436	0.02039	-20.1958
Point (-75.1133328900000663 39.84166622000007152)	1394	1393	0.02042	17.16418
Point (-74.94666621000007467 40.00833290000006315)	1238	1237	0.02044	-33.48376
Point (-76.07166630000001817 39.84166622000007152)	1371	1370	0.02045	22.79736
Point (-75.86333295000002863 39.67499954000007989)	1536	1535	0.0205	91.6803
Point (-75.44666625000004956 39.79999955000007361)	1426	1425	0.02056	53.48462
Point (-74.90499954000007676 39.92499956000006733)	1319	1318	0.02056	-46.19617
Point (-75.94666629000002445 39.7583328800000757)	1454	1453	0.02057	56.38147
Point (-75.02999955000007049 40.17499958000005478)	1076	1075	0.02057	-70.58887
Point (-75.15499956000006421 40.46666627000004013)	793	792	0.02058	-32.81165
Point (-75.98833296000002235 39.79999955000007361)	1413	1412	0.02063	39.11279
Point (-75.86333295000002863 39.7166662100000778)	1496	1495	0.02063	76.84399
Point (-74.94666621000007467 40.21666625000005268)	1038	1037	0.02066	-45.6936
Point (-74.94666621000007467 39.88333289000006943)	1358	1357	0.02071	-34.64539
Point (-76.32166632000000561 40.09166624000005896)	1125	1124	0.02075	35.83398
Point (-76.36333299000000352 40.04999957000006106)	1164	1163	0.02077	37.64185
Point (-74.90499954000007676 39.88333289000006943)	1359	1358	0.02083	-32.61865
Point (-75.90499962000002654 39.67499954000007989)	1535	1534	0.02091	86.02844
Point (-75.02999955000007049 40.00833290000006315)	1236	1235	0.02091	-39.43518
Point (-75.90499962000002654 39.7166662100000778)	1495	1494	0.02092	78.41785
Point (-75.57166626000004328 40.13333291000005687)	1103	1102	0.02095	-53.646
Point (-74.98833288000007258 39.92499956000006733)	1317	1316	0.02097	-55.55261
Point (-75.23833290000006002 40.25833292000005059)	991	990	0.021	-46.83276
Point (-75.52999959000004537 40.21666625000005268)	1024	1023	0.021	-59.07031
Point (-74.94666621000007467 39.84166622000007152)	1398	1397	0.02102	-23.46094
Point (-75.52999959000004537 40.46666627000004013)	784	783	0.02105	-5.76111
Point (-74.94666621000007467 39.92499956000006733)	1318	1317	0.02105	-55.66626
Point (-75.48833292000004747 40.17499958000005478)	1065	1064	0.0211	-33.79199
Point (-75.82166628000003072 39.7166662100000778)	1497	1496	0.02113	69.45605
Point (-74.94666621000007467 39.96666623000006524)	1278	1277	0.02114	-42.27576
Point (-74.98833288000007258 39.96666623000006524)	1277	1276	0.02114	-30.06616
Point (-75.61333293000004119 40.25833292000005059)	982	981	0.02115	-57.35193
Point (-75.1133328900000663 40.38333293000004431)	874	873	0.02117	-32.3783
Point (-75.19666623000006211 40.2999995900000485)	952	951	0.02122	-54.28442
Point (-76.15499964000001398 39.84166622000007152)	1369	1368	0.02125	28.77197
Point (-74.98833288000007258 40.09166624000005896)	1157	1156	0.02131	-67.27063
Point (-75.90499962000002654 39.7583328800000757)	1455	1454	0.02133	52.73596
Point (-76.32166632000000561 40.00833290000006315)	1205	1204	0.02134	45.57483
Point (-75.36333291000005374 40.21666625000005268)	1028	1027	0.02137	-12.40552
Point (-74.98833288000007258 40.21666625000005268)	1037	1036	0.02138	-58.22546
Point (-75.1133328900000663 39.79999955000007361)	1434	1433	0.02139	2.20251
Point (-75.1133328900000663 40.42499960000004222)	834	833	0.02141	-32.828
Point (-75.65499960000003909 40.34166626000004641)	901	900	0.02142	-52.23853
Point (-75.61333293000004119 40.09166624000005896)	1142	1141	0.02142	-40.64417
Point (-74.98833288000007258 40.34166626000004641)	917	916	0.02143	-30.34937
Point (-75.02999955000007049 40.34166626000004641)	916	915	0.02144	-34.27258
Point (-75.57166626000004328 40.17499958000005478)	1063	1062	0.02144	-68.91943
Point (-76.19666631000001189 39.84166622000007152)	1368	1367	0.0215	51.32349
Point (-75.65499960000003909 40.2999995900000485)	941	940	0.02152	-49.37683
Point (-75.07166622000006839 40.38333293000004431)	875	874	0.02152	-35.47607
Point (-74.98833288000007258 40.00833290000006315)	1237	1236	0.02153	-38.77136
Point (-75.1133328900000663 39.96666623000006524)	1274	1273	0.02155	-8.93787
Point (-75.57166626000004328 40.21666625000005268)	1023	1022	0.02156	-64.13159
Point (-74.94666621000007467 39.79999955000007361)	1438	1437	0.02157	-20.00244
Point (-76.02999963000002026 39.84166622000007152)	1372	1371	0.02157	28.31799
Point (-75.52999959000004537 40.17499958000005478)	1064	1063	0.02161	-52.32922
Point (-75.52999959000004537 40.09166624000005896)	1144	1143	0.02161	-48.00977
Point (-75.52999959000004537 40.13333291000005687)	1104	1103	0.02163	-47.84399
Point (-75.86333295000002863 39.7583328800000757)	1456	1455	0.02169	50.54724
Point (-75.02999955000007049 40.13333291000005687)	1116	1115	0.02173	-70.63843
Point (-76.2799996500000077 40.00833290000006315)	1206	1205	0.02174	48.55054
Point (-75.73833294000003491 39.67499954000007989)	1539	1538	0.02176	117.31885
Point (-75.02999955000007049 40.38333293000004431)	876	875	0.02177	-39.30615
Point (-75.07166622000006839 40.34166626000004641)	915	914	0.02181	-32.67261
Point (-75.61333293000004119 40.21666625000005268)	1022	1021	0.02182	-70.60864
Point (-75.94666629000002445 39.79999955000007361)	1414	1413	0.02182	33.88538
Point (-76.36333299000000352 40.09166624000005896)	1124	1123	0.02182	19.13257
Point (-76.32166632000000561 40.13333291000005687)	1085	1084	0.02195	37.27014
Point (-75.77999961000003282 39.7166662100000778)	1498	1497	0.02197	83.5885
Point (-75.02999955000007049 40.2999995900000485)	956	955	0.02201	-18.49365
Point (-75.57166626000004328 40.04999957000006106)	1183	1182	0.02204	-32.99731
Point (-76.2799996500000077 40.09166624000005896)	1126	1125	0.02206	46.61719
Point (-75.07166622000006839 40.25833292000005059)	995	994	0.02207	-19.4707
Point (-74.98833288000007258 40.25833292000005059)	997	996	0.02212	-37.43677
Point (-75.82166628000003072 39.84166622000007152)	1377	1376	0.02213	-3.66577
Point (-75.1133328900000663 40.34166626000004641)	914	913	0.02214	-22.48865
Point (-75.07166622000006839 40.2999995900000485)	955	954	0.02217	-13.81836
Point (-75.15499956000006421 40.34166626000004641)	913	912	0.02218	-36.24561
Point (-75.61333293000004119 40.42499960000004222)	822	821	0.02218	-52.40161
Point (-75.61333293000004119 40.13333291000005687)	1102	1101	0.02219	-45.22021
Point (-75.07166622000006839 40.17499958000005478)	1075	1074	0.02226	-69.72778
Point (-75.44666625000004956 40.17499958000005478)	1066	1065	0.0223	-13.75574
Point (-75.32166624000005584 40.21666625000005268)	1029	1028	0.02232	-11.43237
Point (-75.02999955000007049 40.25833292000005059)	996	995	0.02233	-32.51355
Point (-75.02999955000007049 39.7583328800000757)	1476	1475	0.02234	-2.25317
Point (-74.98833288000007258 40.2999995900000485)	957	956	0.02239	-22.29761
Point (-75.1133328900000663 40.46666627000004013)	794	793	0.02242	-49.86182
Point (-75.07166622000006839 39.7583328800000757)	1475	1474	0.02245	9.85803
Point (-75.07166622000006839 40.42499960000004222)	835	834	0.02249	-36.4884
Point (-75.82166628000003072 39.7583328800000757)	1457	1456	0.0225	49.1355
Point (-75.1133328900000663 39.92499956000006733)	1314	1313	0.0225	3.48975
Point (-75.1133328900000663 40.2999995900000485)	954	953	0.02253	-6.93298
Point (-75.1133328900000663 40.00833290000006315)	1234	1233	0.02255	-27.17102
Point (-75.1133328900000663 40.25833292000005059)	994	993	0.02259	-21.58337
Point (-76.2383329800000098 40.04999957000006106)	1167	1166	0.02264	47.35657
Point (-75.07166622000006839 40.21666625000005268)	1035	1034	0.02264	-53.66772
Point (-75.44666625000004956 39.88333289000006943)	1346	1345	0.02265	4.38525
Point (-75.82166628000003072 39.88333289000006943)	1337	1336	0.02266	-32.47119
Point (-75.27999957000005793 40.21666625000005268)	1030	1029	0.02266	-28.41077
Point (-75.86333295000002863 39.79999955000007361)	1416	1415	0.02267	20.44421
Point (-75.90499962000002654 39.79999955000007361)	1415	1414	0.02269	20.62341
Point (-75.02999955000007049 40.21666625000005268)	1036	1035	0.02274	-60.87805
Point (-75.65499960000003909 40.38333293000004431)	861	860	0.02276	-55.00378
Point (-75.61333293000004119 40.17499958000005478)	1062	1061	0.02278	-69.87598
Point (-75.19666623000006211 40.25833292000005059)	992	991	0.02283	-44.95093
Point (-74.94666621000007467 40.25833292000005059)	998	997	0.02283	-36.42261
Point (-75.44666625000004956 40.50833294000003804)	746	745	0.02288	1.62085
Point (-75.98833296000002235 39.84166622000007152)	1373	1372	0.02288	29.90234
Point (-74.98833288000007258 39.7583328800000757)	1477	1476	0.02289	-16.48425
Point (-75.1133328900000663 40.17499958000005478)	1074	1073	0.02289	-75.27747
Point (-75.65499960000003909 40.25833292000005059)	981	980	0.02295	-52.88354
Point (-75.1133328900000663 40.21666625000005268)	1034	1033	0.02295	-54.70886
Point (-75.82166628000003072 39.79999955000007361)	1417	1416	0.02299	28.3468
Point (-75.1133328900000663 39.88333289000006943)	1354	1353	0.02299	7.35632
Point (-75.65499960000003909 39.96666623000006524)	1261	1260	0.023	-47.35425
Point (-75.15499956000006421 40.2999995900000485)	953	952	0.02303	-29.32153
Point (-74.98833288000007258 40.04999957000006106)	1197	1196	0.02305	-61.38416
Point (-75.52999959000004537 40.04999957000006106)	1184	1183	0.02309	-36.20593
Point (-75.48833292000004747 40.13333291000005687)	1105	1104	0.02309	-35.06323
Point (-76.19666631000001189 39.88333289000006943)	1328	1327	0.02314	48.45642
Point (-76.36333299000000352 40.00833290000006315)	1204	1203	0.02315	45.41638
Point (-76.15499964000001398 39.88333289000006943)	1329	1328	0.02317	33.49146
Point (-75.77999961000003282 39.84166622000007152)	1378	1377	0.02317	-0.53784
Point (-75.86333295000002863 39.84166622000007152)	1376	1375	0.02317	-10.14197
Point (-75.15499956000006421 40.25833292000005059)	993	992	0.02324	-34.71362
Point (-74.94666621000007467 40.2999995900000485)	958	957	0.02325	-30.48157
Point (-75.65499960000003909 40.21666625000005268)	1021	1020	0.02336	-70.76477
Point (-75.57166626000004328 40.46666627000004013)	783	782	0.02336	-27.052
Point (-76.2799996500000077 40.13333291000005687)	1086	1085	0.02337	48.82397
Point (-76.2383329800000098 39.88333289000006943)	1327	1326	0.02343	54.38171
Point (-75.77999961000003282 39.7583328800000757)	1458	1457	0.02353	59.25305
Point (-76.11333297000001608 39.88333289000006943)	1330	1329	0.02355	20.27356
Point (-75.48833292000004747 39.84166622000007152)	1385	1384	0.02355	5.22864
Point (-75.61333293000004119 40.04999957000006106)	1182	1181	0.02355	-32.31958
Point (-75.65499960000003909 40.00833290000006315)	1221	1220	0.02364	-39.89893
Point (-75.73833294000003491 39.7166662100000778)	1499	1498	0.02367	90.56689
Point (-75.696666270000037 39.96666623000006524)	1260	1259	0.02375	-29.27283
Point (-76.2383329800000098 40.00833290000006315)	1207	1206	0.02378	52.70703
Point (-75.15499956000006421 40.09166624000005896)	1153	1152	0.0238	-52.78967
Point (-75.23833290000006002 40.21666625000005268)	1031	1030	0.02383	-38.28381
Point (-75.48833292000004747 40.09166624000005896)	1145	1144	0.02384	-35.68445
Point (-75.40499958000005165 39.88333289000006943)	1347	1346	0.02387	24.16821
Point (-76.36333299000000352 40.13333291000005687)	1084	1083	0.02388	12.31262
Point (-75.36333291000005374 39.79999955000007361)	1428	1427	0.02401	94.28027
Point (-75.696666270000037 40.2999995900000485)	940	939	0.02404	-48.7229
Point (-75.94666629000002445 39.84166622000007152)	1374	1373	0.02409	15.51221
Point (-76.40499966000000143 40.04999957000006106)	1163	1162	0.02409	37.16602
Point (-75.61333293000004119 39.96666623000006524)	1262	1261	0.02409	-16.51672
Point (-75.15499956000006421 40.13333291000005687)	1113	1112	0.02412	-67.59802
Point (-75.1133328900000663 40.04999957000006106)	1194	1193	0.02413	-39.56079
Point (-75.77999961000003282 39.79999955000007361)	1418	1417	0.02415	36.46899
Point (-75.15499956000006421 40.04999957000006106)	1193	1192	0.02416	-37.30933
Point (-75.65499960000003909 40.17499958000005478)	1061	1060	0.02419	-65.6084
Point (-75.77999961000003282 39.88333289000006943)	1338	1337	0.0242	-20.11877
Point (-75.19666623000006211 40.09166624000005896)	1152	1151	0.02422	-45.72632
Point (-75.1133328900000663 39.7583328800000757)	1474	1473	0.02425	18.0824
Point (-75.61333293000004119 40.00833290000006315)	1222	1221	0.02426	-29.39697
Point (-75.48833292000004747 40.50833294000003804)	745	744	0.02428	-0.97705
Point (-76.2799996500000077 39.88333289000006943)	1326	1325	0.02428	64.40015
Point (-76.40499966000000143 40.09166624000005896)	1123	1122	0.0243	7.8374
Point (-75.48833292000004747 39.88333289000006943)	1345	1344	0.02431	-5.56335
Point (-75.61333293000004119 40.46666627000004013)	782	781	0.02435	-41.86877
Point (-75.02999955000007049 39.7166662100000778)	1516	1515	0.02437	15.78979
Point (-76.07166630000001817 39.88333289000006943)	1331	1330	0.02437	15.88403
Point (-75.65499960000003909 40.42499960000004222)	821	820	0.02441	-53.68457
Point (-75.48833292000004747 40.04999957000006106)	1185	1184	0.02442	-30.1687
Point (-75.19666623000006211 40.13333291000005687)	1112	1111	0.02444	-60.26758
Point (-75.65499960000003909 40.13333291000005687)	1101	1100	0.02446	-39.34302
Point (-75.40499958000005165 39.7583328800000757)	1467	1466	0.02447	76.16187
Point (-75.15499956000006421 40.17499958000005478)	1073	1072	0.02447	-77.05029
Point (-75.44666625000004956 39.7583328800000757)	1466	1465	0.02452	48.41052
Point (-75.1133328900000663 40.13333291000005687)	1114	1113	0.02452	-64.9032
Point (-75.90499962000002654 39.84166622000007152)	1375	1374	0.02453	-4.76379
Point (-75.15499956000006421 40.21666625000005268)	1033	1032	0.02453	-56.25696
Point (-75.65499960000003909 40.09166624000005896)	1141	1140	0.02458	-32.526
Point (-75.07166622000006839 40.13333291000005687)	1115	1114	0.02458	-65.47168
Point (-76.2383329800000098 39.96666623000006524)	1247	1246	0.02459	55.0874
Point (-75.696666270000037 40.34166626000004641)	900	899	0.02465	-55.32458
Point (-75.696666270000037 40.79999963000002339)	460	459	0.02467	-22.67871
Point (-75.23833290000006002 40.13333291000005687)	1111	1110	0.02467	-35.39111
Point (-76.2383329800000098 40.09166624000005896)	1127	1126	0.02468	46.39893
Point (-75.65499960000003909 39.92499956000006733)	1301	1300	0.0247	-7.23438
Point (-75.696666270000037 40.00833290000006315)	1220	1219	0.02473	-38.32825
Point (-75.15499956000006421 39.79999955000007361)	1433	1432	0.02481	11.94995
Point (-75.73833294000003491 39.84166622000007152)	1379	1378	0.02484	12.82959
Point (-75.36333291000005374 39.84166622000007152)	1388	1387	0.02484	75.90405
Point (-75.23833290000006002 40.17499958000005478)	1071	1070	0.02484	-32.64331
Point (-76.32166632000000561 40.17499958000005478)	1045	1044	0.02486	44.18604
Point (-76.2383329800000098 39.92499956000006733)	1287	1286	0.02488	61.98547
Point (-75.15499956000006421 39.84166622000007152)	1393	1392	0.02491	31.45288
Point (-75.23833290000006002 40.09166624000005896)	1151	1150	0.02495	-35.59961
Point (-76.2799996500000077 39.96666623000006524)	1246	1245	0.02498	46.77625
Point (-75.07166622000006839 39.7166662100000778)	1515	1514	0.025	39.83044
Point (-75.27999957000005793 40.17499958000005478)	1070	1069	0.02503	-14.62061
Point (-75.65499960000003909 40.79999963000002339)	461	460	0.02507	0.51038
Point (-75.1133328900000663 40.09166624000005896)	1154	1153	0.02509	-58.39917
Point (-75.57166626000004328 40.63333295000003176)	623	622	0.02511	36.60278
Point (-75.73833294000003491 39.7583328800000757)	1459	1458	0.02511	77.23083
Point (-75.40499958000005165 40.17499958000005478)	1067	1066	0.0252	0.64331
Point (-75.19666623000006211 40.21666625000005268)	1032	1031	0.02524	-54.82556
Point (-76.19666631000001189 39.92499956000006733)	1288	1287	0.02525	57.7627
Point (-75.02999955000007049 40.04999957000006106)	1196	1195	0.02525	-51.30725
Point (-75.696666270000037 40.25833292000005059)	980	979	0.02527	-49.34802
Point (-76.2799996500000077 39.92499956000006733)	1286	1285	0.02532	58.70142
Point (-75.57166626000004328 40.00833290000006315)	1223	1222	0.02533	-30.81433
Point (-75.07166622000006839 40.04999957000006106)	1195	1194	0.02534	-42.71741
Point (-76.36333299000000352 40.17499958000005478)	1044	1043	0.02534	20.13794
Point (-75.73833294000003491 39.79999955000007361)	1419	1418	0.02535	41.45825
Point (-75.65499960000003909 40.04999957000006106)	1181	1180	0.02536	-33.34314
Point (-76.2799996500000077 40.17499958000005478)	1046	1045	0.02537	54.86548
Point (-75.696666270000037 40.38333293000004431)	860	859	0.02538	-65.54443
Point (-75.48833292000004747 39.79999955000007361)	1425	1424	0.02541	-1.04236
Point (-76.02999963000002026 39.88333289000006943)	1332	1331	0.02542	10.00366
Point (-75.696666270000037 39.92499956000006733)	1300	1299	0.02543	17.79578
Point (-75.19666623000006211 40.04999957000006106)	1192	1191	0.02543	-44.73413
Point (-75.73833294000003491 40.79999963000002339)	459	458	0.02544	-42.17249
Point (-75.19666623000006211 40.17499958000005478)	1072	1071	0.02546	-67.67554
Point (-75.86333295000002863 39.88333289000006943)	1336	1335	0.02548	-32.34875
Point (-75.15499956000006421 39.96666623000006524)	1273	1272	0.02549	3.32458
Point (-75.57166626000004328 39.96666623000006524)	1263	1262	0.0255	-22.2356
Point (-76.32166632000000561 41.21666633000000246)	45	44	0.02555	-83.66882
Point (-76.44666632999999933 40.34166626000004641)	882	881	0.02556	-30.71777
Point (-76.32166632000000561 39.96666623000006524)	1245	1244	0.02556	30.96704
Point (-75.65499960000003909 40.46666627000004013)	781	780	0.02557	-39.62781
Point (-75.52999959000004537 39.88333289000006943)	1344	1343	0.02559	-15.47009
Point (-76.40499966000000143 40.13333291000005687)	1083	1082	0.0256	-9.14783
Point (-75.15499956000006421 39.92499956000006733)	1313	1312	0.02562	35.12524
Point (-75.44666625000004956 39.92499956000006733)	1306	1305	0.02565	-19.25378
Point (-75.61333293000004119 39.92499956000006733)	1302	1301	0.02569	-11.92029
Point (-75.696666270000037 40.21666625000005268)	1020	1019	0.02573	-55.02917
Point (-76.19666631000001189 39.96666623000006524)	1248	1247	0.02574	60.50586
Point (-76.44666632999999933 40.38333293000004431)	842	841	0.02576	-34.20227
Point (-76.15499964000001398 39.92499956000006733)	1289	1288	0.02576	34.44299
Point (-75.52999959000004537 39.92499956000006733)	1304	1303	0.0258	-15.33447
Point (-75.48833292000004747 39.92499956000006733)	1305	1304	0.02581	-13.99353
Point (-76.44666632999999933 40.42499960000004222)	802	801	0.02582	-38.99561
Point (-76.2383329800000098 40.13333291000005687)	1087	1086	0.02583	47.63965
Point (-75.73833294000003491 39.88333289000006943)	1339	1338	0.02588	3.15527
Point (-75.57166626000004328 40.67499962000002967)	583	582	0.02589	26.32178
Point (-75.15499956000006421 40.00833290000006315)	1233	1232	0.02589	-23.37634
Point (-75.15499956000006421 39.88333289000006943)	1353	1352	0.02596	40.54163
Point (-75.27999957000005793 40.13333291000005687)	1110	1109	0.02596	-12.85803
Point (-76.44666632999999933 40.2999995900000485)	922	921	0.026	-32.69116
Point (-75.32166624000005584 40.17499958000005478)	1069	1068	0.02604	1.203
Point (-76.40499966000000143 40.17499958000005478)	1043	1042	0.02604	0.80444
Point (-76.44666632999999933 40.17499958000005478)	1042	1041	0.02607	-6.8822
Point (-76.44666632999999933 40.21666625000005268)	1002	1001	0.02608	-9.22961
Point (-75.52999959000004537 40.00833290000006315)	1224	1223	0.02609	-32.75793
Point (-76.32166632000000561 39.92499956000006733)	1285	1284	0.0261	51.46777
Point (-75.36333291000005374 39.7583328800000757)	1468	1467	0.02611	84.17371
Point (-75.57166626000004328 39.92499956000006733)	1303	1302	0.02612	-13.56409
Point (-75.696666270000037 40.17499958000005478)	1060	1059	0.02612	-58.16052
Point (-75.52999959000004537 40.50833294000003804)	744	743	0.02615	-5.90405
Point (-75.48833292000004747 39.59166620000008407)	1625	1624	0.02618	83.62146
Point (-75.696666270000037 39.88333289000006943)	1340	1339	0.02618	14.13342
Point (-75.61333293000004119 40.79999963000002339)	462	461	0.02623	48.62488
Point (-76.44666632999999933 40.25833292000005059)	962	961	0.02623	-34.40198
Point (-75.696666270000037 40.42499960000004222)	820	819	0.02624	-52.66541
Point (-75.73833294000003491 40.2999995900000485)	939	938	0.02625	-50.36182
Point (-75.73833294000003491 39.92499956000006733)	1299	1298	0.02629	-0.83594
Point (-76.19666631000001189 40.00833290000006315)	1208	1207	0.02629	56.69507
Point (-75.52999959000004537 39.96666623000006524)	1264	1263	0.02629	-19.05078
Point (-75.77999961000003282 40.79999963000002339)	458	457	0.0263	-51.48584
Point (-76.36333299000000352 41.17499966000000455)	84	83	0.0263	-73.862
Point (-76.40499966000000143 40.21666625000005268)	1003	1002	0.02631	-0.54016
Point (-75.44666625000004956 39.96666623000006524)	1266	1265	0.02631	-18.90625
Point (-75.73833294000003491 39.96666623000006524)	1259	1258	0.02633	-30.06335
Point (-75.07166622000006839 39.67499954000007989)	1555	1554	0.02634	62.30432
Point (-76.40499966000000143 40.42499960000004222)	803	802	0.02634	-55.77405
Point (-75.44666625000004956 39.59166620000008407)	1626	1625	0.0264	77.13123
Point (-76.44666632999999933 40.13333291000005687)	1082	1081	0.0264	-8.33923
Point (-76.2383329800000098 40.17499958000005478)	1047	1046	0.02643	33.77686
Point (-75.44666625000004956 40.13333291000005687)	1106	1105	0.02643	-11.67834
Point (-75.65499960000003909 39.88333289000006943)	1341	1340	0.02645	-5.64136
Point (-75.27999957000005793 40.09166624000005896)	1150	1149	0.02647	-22.81042
Point (-76.2799996500000077 40.21666625000005268)	1006	1005	0.02652	30.00281
Point (-76.32166632000000561 40.21666625000005268)	1005	1004	0.02653	14.54077
Point (-76.36333299000000352 40.21666625000005268)	1004	1003	0.02653	4.97729
Point (-75.98833296000002235 39.88333289000006943)	1333	1332	0.02653	9.0896
Point (-75.696666270000037 39.79999955000007361)	1420	1419	0.02655	39.86926
Point (-76.44666632999999933 40.46666627000004013)	762	761	0.02656	-68.37561
Point (-75.48833292000004747 40.00833290000006315)	1225	1224	0.02656	-31.61096
Point (-75.52999959000004537 39.59166620000008407)	1624	1623	0.02657	91.56165
Point (-76.48833299999999724 40.50833294000003804)	721	720	0.02659	-82.53418
Point (-75.696666270000037 40.75833296000002548)	500	499	0.02663	-24.41833
Point (-75.44666625000004956 40.04999957000006106)	1186	1185	0.02663	-18.82629
Point (-76.40499966000000143 40.38333293000004431)	843	842	0.02664	-51.49426
Point (-75.15499956000006421 39.7583328800000757)	1473	1472	0.02667	21.224
Point (-76.11333297000001608 39.92499956000006733)	1290	1289	0.0267	14.64685
Point (-75.57166626000004328 40.59166628000003385)	663	662	0.02672	28.67712
Point (-75.65499960000003909 40.75833296000002548)	501	500	0.02673	-12.78174
Point (-75.65499960000003909 40.50833294000003804)	741	740	0.02673	-16.93042
Point (-75.40499958000005165 39.7166662100000778)	1507	1506	0.02673	82.02612
Point (-75.1133328900000663 39.7166662100000778)	1514	1513	0.02673	42.18542
Point (-75.61333293000004119 40.63333295000003176)	622	621	0.02677	35.28076
Point (-75.696666270000037 39.84166622000007152)	1380	1379	0.02677	18.98389
Point (-75.57166626000004328 39.88333289000006943)	1343	1342	0.02679	-18.64844
Point (-75.23833290000006002 40.04999957000006106)	1191	1190	0.02682	-42.61902
Point (-75.61333293000004119 40.67499962000002967)	582	581	0.02683	28.34424
Point (-75.48833292000004747 39.96666623000006524)	1265	1264	0.02685	-17.40039
Point (-75.696666270000037 39.67499954000007989)	1540	1539	0.02686	107.31165
Point (-75.61333293000004119 39.88333289000006943)	1342	1341	0.02686	-17.77539
Point (-76.36333299000000352 39.96666623000006524)	1244	1243	0.02686	24.26526
Point (-75.44666625000004956 39.63333287000008198)	1586	1585	0.02691	66.672
Point (-75.44666625000004956 39.7166662100000778)	1506	1505	0.02691	67.59729
Point (-76.40499966000000143 40.2999995900000485)	923	922	0.02693	-35.82483
Point (-75.40499958000005165 39.92499956000006733)	1307	1306	0.02694	-9.76575
Point (-75.696666270000037 40.13333291000005687)	1100	1099	0.02694	-29.29797
Point (-75.48833292000004747 39.63333287000008198)	1585	1584	0.02696	73.19055
Point (-75.40499958000005165 39.59166620000008407)	1627	1626	0.02696	70.72388
Point (-75.696666270000037 40.04999957000006106)	1180	1179	0.02697	-36.15417
Point (-75.02999955000007049 40.09166624000005896)	1156	1155	0.02697	-61.00842
Point (-76.19666631000001189 40.04999957000006106)	1168	1167	0.027	44.15833
Point (-76.2799996500000077 41.21666633000000246)	46	45	0.02701	-68.69958
Point (-75.44666625000004956 40.00833290000006315)	1226	1225	0.02703	-26.59546
Point (-75.61333293000004119 40.75833296000002548)	502	501	0.02705	15.84619
Point (-75.36333291000005374 39.7166662100000778)	1508	1507	0.02705	86.03699
Point (-75.73833294000003491 40.34166626000004641)	899	898	0.02706	-58.47461
Point (-75.696666270000037 40.46666627000004013)	780	779	0.02706	-44.40942
Point (-76.40499966000000143 40.34166626000004641)	883	882	0.02707	-39.02014
Point (-75.32166624000005584 39.7166662100000778)	1509	1508	0.02707	77.01697
Point (-76.40499966000000143 40.25833292000005059)	963	962	0.02708	-33.05823
Point (-75.40499958000005165 39.67499954000007989)	1547	1546	0.0271	74.47144
Point (-75.36333291000005374 39.59166620000008407)	1628	1627	0.0271	69.14917
Point (-76.32166632000000561 41.17499966000000455)	85	84	0.02712	-77.91663
Point (-75.696666270000037 39.7583328800000757)	1460	1459	0.02712	63.94531
Point (-75.36333291000005374 39.67499954000007989)	1548	1547	0.02713	73.55835
Point (-75.48833292000004747 40.54999961000003594)	705	704	0.02713	17.19177
Point (-75.40499958000005165 39.96666623000006524)	1267	1266	0.02713	-18.12476
Point (-75.73833294000003491 40.75833296000002548)	499	498	0.02716	-37.57178
Point (-75.696666270000037 40.09166624000005896)	1140	1139	0.02716	-17.95679
Point (-75.40499958000005165 39.63333287000008198)	1587	1586	0.02717	62.91638
Point (-75.61333293000004119 40.59166628000003385)	662	661	0.02717	25.83875
Point (-75.44666625000004956 39.67499954000007989)	1546	1545	0.02723	64.896
Point (-75.32166624000005584 39.67499954000007989)	1549	1548	0.02723	59.50281
Point (-76.2383329800000098 40.21666625000005268)	1007	1006	0.02723	17.87598
Point (-76.36333299000000352 40.25833292000005059)	964	963	0.02723	-33.13855
Point (-75.32166624000005584 39.7583328800000757)	1469	1468	0.02723	74.03162
Point (-75.52999959000004537 39.84166622000007152)	1384	1383	0.02723	-19.78137
Point (-76.36333299000000352 40.38333293000004431)	844	843	0.02724	-81.44934
Point (-76.48833299999999724 40.54999961000003594)	681	680	0.02724	-98.62292
Point (-75.36333291000005374 40.17499958000005478)	1068	1067	0.02725	6.92798
Point (-75.52999959000004537 39.63333287000008198)	1584	1583	0.02731	82.00342
Point (-75.73833294000003491 40.84166630000002129)	419	418	0.02732	-76.48816
Point (-75.1133328900000663 39.63333287000008198)	1594	1593	0.02735	74.45605
Point (-75.32166624000005584 39.59166620000008407)	1629	1628	0.02739	64.66821
Point (-76.32166632000000561 40.25833292000005059)	965	964	0.0274	-12.62183
Point (-75.696666270000037 39.7166662100000778)	1500	1499	0.02741	82.42029
Point (-76.15499964000001398 39.96666623000006524)	1249	1248	0.02741	53.58459
Point (-75.48833292000004747 39.7583328800000757)	1465	1464	0.02742	11.51563
Point (-75.40499958000005165 40.00833290000006315)	1227	1226	0.02742	-15.8822
Point (-75.61333293000004119 40.50833294000003804)	742	741	0.02744	-12.34082
Point (-75.27999957000005793 39.7166662100000778)	1510	1509	0.02744	62.5874
Point (-75.94666629000002445 39.88333289000006943)	1334	1333	0.02746	3.78137
Point (-75.77999961000003282 39.92499956000006733)	1298	1297	0.02746	-24.4281
Point (-75.61333293000004119 40.71666629000002757)	542	541	0.02747	-5.24976
Point (-75.73833294000003491 40.38333293000004431)	859	858	0.02748	-68.39514
Point (-75.696666270000037 40.50833294000003804)	740	739	0.02751	-25.19019
Point (-76.44666632999999933 40.50833294000003804)	722	721	0.02751	-108.93347
Point (-76.2799996500000077 40.25833292000005059)	966	965	0.02752	-0.32739
Point (-76.40499966000000143 40.46666627000004013)	763	762	0.02755	-74.98499
Point (-75.73833294000003491 40.00833290000006315)	1219	1218	0.02757	-48.94788
Point (-75.27999957000005793 40.04999957000006106)	1190	1189	0.02758	-20.06067
Point (-75.77999961000003282 40.84166630000002129)	418	417	0.02762	-87.53357
Point (-75.44666625000004956 40.09166624000005896)	1146	1145	0.02764	-11.99683
Point (-75.27999957000005793 39.67499954000007989)	1550	1549	0.02765	40.75806
Point (-75.65499960000003909 40.59166628000003385)	661	660	0.02767	5.91284
Point (-75.07166622000006839 40.09166624000005896)	1155	1154	0.02767	-55.77637
Point (-76.36333299000000352 40.34166626000004641)	884	883	0.02768	-53.70093
Point (-75.61333293000004119 40.54999961000003594)	702	701	0.02768	15.85034
Point (-75.57166626000004328 40.50833294000003804)	743	742	0.02768	-11.56079
Point (-76.2799996500000077 41.17499966000000455)	86	85	0.02769	-67.1861
Point (-75.57166626000004328 40.71666629000002757)	543	542	0.02769	9.98181
Point (-75.65499960000003909 40.67499962000002967)	581	580	0.02769	26.79871
Point (-75.36333291000005374 39.63333287000008198)	1588	1587	0.02774	56.37085
Point (-75.57166626000004328 40.75833296000002548)	503	502	0.02774	35.53723
Point (-76.32166632000000561 40.38333293000004431)	845	844	0.02774	-98.45422
Point (-76.36333299000000352 40.2999995900000485)	924	923	0.02775	-31.26501
Point (-75.65499960000003909 40.71666629000002757)	541	540	0.02776	-2.09753
Point (-75.65499960000003909 40.63333295000003176)	621	620	0.02776	24.89966
Point (-75.90499962000002654 39.88333289000006943)	1335	1334	0.02776	-14.91199
Point (-75.1133328900000663 39.67499954000007989)	1554	1553	0.02777	56.81726
Point (-75.32166624000005584 39.63333287000008198)	1589	1588	0.02778	44.66101
Point (-76.19666631000001189 40.17499958000005478)	1048	1047	0.02778	-5.79541
Point (-76.36333299000000352 40.42499960000004222)	804	803	0.02779	-81.15063
Point (-76.32166632000000561 40.34166626000004641)	885	884	0.02781	-62.14233
Point (-75.65499960000003909 40.54999961000003594)	701	700	0.02782	4.0166
Point (-76.19666631000001189 40.21666625000005268)	1008	1007	0.02784	-4.73059
Point (-76.32166632000000561 40.2999995900000485)	925	924	0.02787	-22.08337
Point (-75.48833292000004747 39.67499954000007989)	1545	1544	0.0279	65.39673
Point (-75.73833294000003491 40.25833292000005059)	979	978	0.02792	-47.96875
Point (-75.57166626000004328 40.79999963000002339)	463	462	0.02793	61.26624
Point (-75.73833294000003491 40.42499960000004222)	819	818	0.02796	-49.8114
Point (-75.36333291000005374 39.88333289000006943)	1348	1347	0.02796	39.59424
Point (-75.77999961000003282 40.75833296000002548)	498	497	0.02797	-38.47754
Point (-75.82166628000003072 40.79999963000002339)	457	456	0.02798	-62.12402
Point (-75.696666270000037 40.71666629000002757)	540	539	0.02801	-8.08643
Point (-76.07166630000001817 39.92499956000006733)	1291	1290	0.02804	0.29443
Point (-75.27999957000005793 39.59166620000008407)	1630	1629	0.02806	59.2207
Point (-75.19666623000006211 39.79999955000007361)	1432	1431	0.02806	13.85278
Point (-75.19666623000006211 39.7583328800000757)	1472	1471	0.02807	20.38782
Point (-75.27999957000005793 39.63333287000008198)	1590	1589	0.02809	34.72717
Point (-75.32166624000005584 39.79999955000007361)	1429	1428	0.02809	75.30908
Point (-76.2383329800000098 40.25833292000005059)	967	966	0.02812	-3.55493
Point (-75.48833292000004747 39.7166662100000778)	1505	1504	0.02814	54.34253
Point (-75.73833294000003491 40.21666625000005268)	1019	1018	0.02819	-48.53564
Point (-75.36333291000005374 40.00833290000006315)	1228	1227	0.0282	-8.87964
Point (-75.32166624000005584 40.04999957000006106)	1189	1188	0.02822	-9.83655
Point (-75.23833290000006002 39.63333287000008198)	1591	1590	0.02824	34.35852
Point (-75.15499956000006421 39.63333287000008198)	1593	1592	0.02824	51.45618
Point (-75.23833290000006002 39.67499954000007989)	1551	1550	0.02827	25.60681
Point (-75.65499960000003909 39.84166622000007152)	1381	1380	0.02828	-5.34875
Point (-75.73833294000003491 40.17499958000005478)	1059	1058	0.0283	-44.99646
Point (-75.696666270000037 40.54999961000003594)	700	699	0.02831	-9.69385
Point (-75.696666270000037 40.84166630000002129)	420	419	0.02834	-62.71985
Point (-75.27999957000005793 39.7583328800000757)	1470	1469	0.02838	61.42981
Point (-75.73833294000003491 40.71666629000002757)	539	538	0.02839	-22.42871
Point (-75.696666270000037 40.63333295000003176)	620	619	0.0284	8.35645
Point (-76.19666631000001189 40.13333291000005687)	1088	1087	0.02843	16.00061
Point (-75.57166626000004328 39.63333287000008198)	1583	1582	0.02844	93.74768
Point (-75.696666270000037 40.59166628000003385)	660	659	0.02845	-8.00757
Point (-75.696666270000037 40.67499962000002967)	580	579	0.02848	13.2395
Point (-75.57166626000004328 39.84166622000007152)	1383	1382	0.02849	-21.49365
Point (-75.19666623000006211 39.63333287000008198)	1592	1591	0.0285	40.9425
Point (-76.19666631000001189 40.09166624000005896)	1128	1127	0.02851	31.41931
Point (-75.23833290000006002 39.7166662100000778)	1511	1510	0.02852	31.74109
Point (-75.65499960000003909 39.79999955000007361)	1421	1420	0.02856	33.85864
Point (-75.73833294000003491 40.50833294000003804)	739	738	0.02863	-20.85596
Point (-75.61333293000004119 39.84166622000007152)	1382	1381	0.02863	-15.54089
Point (-75.73833294000003491 40.54999961000003594)	699	698	0.02866	-5.29944
Point (-76.32166632000000561 41.13333299000000665)	125	124	0.0287	-90.16455
Point (-75.73833294000003491 40.46666627000004013)	779	778	0.0287	-43.2926
Point (-75.23833290000006002 39.7583328800000757)	1471	1470	0.0287	35.12085
Point (-75.82166628000003072 40.84166630000002129)	417	416	0.02871	-81.95117
Point (-76.40499966000000143 40.50833294000003804)	723	722	0.02871	-113.33533
Point (-75.32166624000005584 40.00833290000006315)	1229	1228	0.02871	-6.12378
Point (-76.32166632000000561 40.42499960000004222)	805	804	0.02872	-102.13416
Point (-75.40499958000005165 40.04999957000006106)	1187	1186	0.02872	-8.38159
Point (-75.27999957000005793 40.00833290000006315)	1230	1229	0.02874	-13.54163
Point (-75.77999961000003282 40.2999995900000485)	938	937	0.02875	-43.57458
Point (-76.2799996500000077 41.13333299000000665)	126	125	0.02879	-100.48016
Point (-76.36333299000000352 40.46666627000004013)	764	763	0.02881	-70.28906
Point (-75.73833294000003491 40.04999957000006106)	1179	1178	0.02882	-43.67004
Point (-76.44666632999999933 40.54999961000003594)	682	681	0.02883	-77.27197
Point (-75.19666623000006211 39.59166620000008407)	1632	1631	0.02885	64.91699
Point (-76.19666631000001189 40.25833292000005059)	968	967	0.02887	-6.67773
Point (-76.2799996500000077 40.2999995900000485)	926	925	0.02888	-24.77576
Point (-75.73833294000003491 40.13333291000005687)	1099	1098	0.02889	-20.98413
Point (-75.23833290000006002 39.59166620000008407)	1631	1630	0.02891	59.37549
Point (-76.2799996500000077 40.34166626000004641)	886	885	0.02891	-52.13379
Point (-76.2799996500000077 40.38333293000004431)	846	845	0.02893	-84.08618
Point (-75.57166626000004328 40.54999961000003594)	703	702	0.02897	19.37634
Point (-75.65499960000003909 39.7583328800000757)	1461	1460	0.029	39.34937
Point (-75.77999961000003282 40.25833292000005059)	978	977	0.02903	-47.77393
Point (-75.19666623000006211 39.7166662100000778)	1512	1511	0.02908	10.74658
Point (-75.82166628000003072 39.92499956000006733)	1297	1296	0.02908	-40.85437
Point (-76.2383329800000098 41.17499966000000455)	87	86	0.02909	-68.15973
Point (-75.73833294000003491 40.67499962000002967)	579	578	0.02909	-0.10437
Point (-75.52999959000004537 39.67499954000007989)	1544	1543	0.02912	65.97705
Point (-75.82166628000003072 40.75833296000002548)	497	496	0.02913	-47.07996
Point (-75.19666623000006211 39.92499956000006733)	1312	1311	0.02913	47.39697
Point (-75.77999961000003282 40.71666629000002757)	538	537	0.02914	-31.45483
Point (-75.19666623000006211 39.67499954000007989)	1552	1551	0.02917	18.40088
Point (-75.15499956000006421 39.7166662100000778)	1513	1512	0.02918	19.07471
Point (-75.52999959000004537 40.54999961000003594)	704	703	0.0292	24.56946
Point (-75.36333291000005374 39.96666623000006524)	1268	1267	0.0292	-11.55115
Point (-75.73833294000003491 40.63333295000003176)	619	618	0.02921	4.65149
Point (-76.15499964000001398 40.00833290000006315)	1209	1208	0.02921	48.28479
Point (-75.65499960000003909 40.84166630000002129)	421	420	0.02923	-49.83936
Point (-75.77999961000003282 40.34166626000004641)	898	897	0.02923	-48.84558
Point (-75.19666623000006211 39.84166622000007152)	1392	1391	0.02923	42.48999
Point (-75.36333291000005374 40.04999957000006106)	1188	1187	0.02923	-6.88196
Point (-75.61333293000004119 39.63333287000008198)	1582	1581	0.02927	96.77478
Point (-75.19666623000006211 40.00833290000006315)	1232	1231	0.02929	-27.00562
Point (-75.36333291000005374 39.92499956000006733)	1308	1307	0.02931	3.36792
Point (-76.11333297000001608 39.96666623000006524)	1250	1249	0.02932	37.26221
Point (-76.15499964000001398 40.21666625000005268)	1009	1008	0.02933	-16.396
Point (-75.73833294000003491 40.59166628000003385)	659	658	0.02933	-6.87097
Point (-75.15499956000006421 39.67499954000007989)	1553	1552	0.02935	28.61902
Point (-75.52999959000004537 39.7166662100000778)	1504	1503	0.02936	47.64746
Point (-75.61333293000004119 40.84166630000002129)	422	421	0.0294	-23.28345
Point (-76.2383329800000098 41.21666633000000246)	47	46	0.02942	-54.24683
Point (-76.36333299000000352 41.13333299000000665)	124	123	0.02946	-97.77875
Point (-75.73833294000003491 40.09166624000005896)	1139	1138	0.02948	-12.88098
Point (-76.02999963000002026 39.92499956000006733)	1292	1291	0.0295	-8.79163
Point (-76.2383329800000098 40.34166626000004641)	887	886	0.02951	-42.67383
Point (-75.57166626000004328 40.84166630000002129)	423	422	0.02953	19.51819
Point (-76.2383329800000098 41.25833300000000037)	7	6	0.02954	-74.67004
Point (-76.2383329800000098 40.2999995900000485)	927	926	0.02958	-26.02234
Point (-75.23833290000006002 40.00833290000006315)	1231	1230	0.02962	-30.06934
Point (-76.15499964000001398 40.17499958000005478)	1049	1048	0.02965	-26.17261
Point (-75.77999961000003282 40.50833294000003804)	738	737	0.02968	-8.87695
Point (-76.40499966000000143 40.54999961000003594)	683	682	0.0297	-78.95374
Point (-75.19666623000006211 39.88333289000006943)	1352	1351	0.02972	67.05359
Point (-75.32166624000005584 40.09166624000005896)	1149	1148	0.02975	-8.32056
Point (-75.32166624000005584 39.96666623000006524)	1269	1268	0.02982	-6.297
Point (-75.77999961000003282 40.46666627000004013)	778	777	0.02983	-31.82117
Point (-76.48833299999999724 40.59166628000003385)	641	640	0.02984	-122.46484
Point (-75.77999961000003282 40.67499962000002967)	578	577	0.02988	-1.55249
Point (-76.2383329800000098 41.13333299000000665)	127	126	0.02991	-104.13159
Point (-75.77999961000003282 40.38333293000004431)	858	857	0.02991	-57.77698
Point (-75.77999961000003282 40.54999961000003594)	698	697	0.02992	-4.37268
Point (-76.2383329800000098 40.38333293000004431)	847	846	0.02997	-61.94092
Point (-76.32166632000000561 40.46666627000004013)	765	764	0.03001	-77.86584
Point (-75.52999959000004537 39.79999955000007361)	1424	1423	0.03001	-34.76904
Point (-75.77999961000003282 40.21666625000005268)	1018	1017	0.03004	-44.98438
Point (-76.19666631000001189 41.17499966000000455)	88	87	0.03005	-83.04639
Point (-75.32166624000005584 40.13333291000005687)	1109	1108	0.03005	21.83813
Point (-76.07166630000001817 40.38333293000004431)	851	850	0.03007	-21.2041
Point (-75.23833290000006002 39.79999955000007361)	1431	1430	0.0301	26.59277
Point (-75.77999961000003282 40.42499960000004222)	818	817	0.03011	-38.94104
Point (-75.77999961000003282 40.59166628000003385)	658	657	0.03013	-10.04602
Point (-75.86333295000002863 40.79999963000002339)	456	455	0.03014	-90.99878
Point (-75.77999961000003282 40.13333291000005687)	1098	1097	0.03014	-24.40076
Point (-76.15499964000001398 40.25833292000005059)	969	968	0.03015	-9.052
Point (-75.52999959000004537 39.7583328800000757)	1464	1463	0.03018	-8.65198
Point (-75.32166624000005584 39.84166622000007152)	1389	1388	0.03019	87.07483
Point (-75.77999961000003282 39.96666623000006524)	1258	1257	0.0302	-43.08704
Point (-75.82166628000003072 40.71666629000002757)	537	536	0.0303	-43.94409
Point (-75.57166626000004328 39.7166662100000778)	1503	1502	0.03031	40.37695
Point (-76.19666631000001189 40.2999995900000485)	928	927	0.03034	-32.45703
Point (-76.36333299000000352 40.50833294000003804)	724	723	0.03044	-100.37854
Point (-76.40499966000000143 41.13333299000000665)	123	122	0.03046	-103.29572
Point (-75.77999961000003282 40.17499958000005478)	1058	1057	0.03047	-34.16614
Point (-76.2799996500000077 40.42499960000004222)	806	805	0.03048	-97.07556
Point (-75.65499960000003909 39.7166662100000778)	1501	1500	0.03048	60.9585
Point (-75.77999961000003282 40.8833329700000192)	378	377	0.0305	-102.32642
Point (-75.27999957000005793 39.96666623000006524)	1270	1269	0.03051	-2.49048
Point (-75.82166628000003072 40.8833329700000192)	377	376	0.03052	-88.90576
Point (-75.27999957000005793 39.79999955000007361)	1430	1429	0.03052	53.72205
Point (-76.07166630000001817 39.96666623000006524)	1251	1250	0.03052	12.06824
Point (-75.77999961000003282 40.63333295000003176)	618	617	0.03053	4.24988
Point (-75.57166626000004328 39.67499954000007989)	1543	1542	0.03058	74.03638
Point (-75.86333295000002863 40.84166630000002129)	416	415	0.03063	-61.30701
Point (-75.98833296000002235 39.92499956000006733)	1293	1292	0.03067	0.78479
Point (-76.19666631000001189 41.13333299000000665)	128	127	0.03068	-105.77197
Point (-75.19666623000006211 39.96666623000006524)	1272	1271	0.03068	0.65967
Point (-76.36333299000000352 40.54999961000003594)	684	683	0.03074	-89.37976
Point (-76.19666631000001189 40.34166626000004641)	888	887	0.03078	-44.30798
Point (-75.82166628000003072 40.25833292000005059)	977	976	0.03082	-46.03943
Point (-76.11333297000001608 40.38333293000004431)	850	849	0.03088	-20.63843
Point (-76.44666632999999933 40.59166628000003385)	642	641	0.03088	-126.81262
Point (-76.15499964000001398 40.34166626000004641)	889	888	0.03094	-46.65295
Point (-76.19666631000001189 41.21666633000000246)	48	47	0.03095	-62.40503
Point (-75.61333293000004119 39.79999955000007361)	1422	1421	0.03095	16.11182
Point (-76.15499964000001398 40.2999995900000485)	929	928	0.03098	-33.65308
Point (-75.61333293000004119 39.7583328800000757)	1462	1461	0.03098	20.21399
Point (-75.82166628000003072 40.50833294000003804)	737	736	0.03104	3.65723
Point (-75.86333295000002863 40.75833296000002548)	496	495	0.03106	-70.24915
Point (-76.19666631000001189 40.38333293000004431)	848	847	0.03106	-43.18762
Point (-76.32166632000000561 41.09166632000000874)	165	164	0.0311	-120.78436
Point (-75.82166628000003072 40.34166626000004641)	897	896	0.0311	-36.67798
Point (-76.40499966000000143 40.59166628000003385)	643	642	0.03111	-107.80896
Point (-76.2799996500000077 40.46666627000004013)	766	765	0.03112	-81.25793
Point (-76.19666631000001189 41.25833300000000037)	8	7	0.03113	-69.84778
Point (-75.82166628000003072 40.46666627000004013)	777	776	0.03114	-17.33667
Point (-75.82166628000003072 40.54999961000003594)	697	696	0.03119	0.50439
Point (-75.82166628000003072 40.67499962000002967)	577	576	0.03121	-10.37
Point (-75.61333293000004119 39.7166662100000778)	1502	1501	0.03124	47.91309
Point (-76.15499964000001398 41.17499966000000455)	89	88	0.03126	-92.57397
Point (-75.77999961000003282 40.09166624000005896)	1138	1137	0.03127	-31.92261
Point (-76.32166632000000561 40.54999961000003594)	685	684	0.03128	-100.42883
Point (-75.73833294000003491 40.8833329700000192)	379	378	0.0313	-93.52869
Point (-75.82166628000003072 40.2999995900000485)	937	936	0.03132	-29.73657
Point (-76.32166632000000561 40.50833294000003804)	725	724	0.03134	-101.22119
Point (-75.77999961000003282 40.04999957000006106)	1178	1177	0.03135	-59.09497
Point (-76.2383329800000098 40.42499960000004222)	807	806	0.03138	-82.58032
Point (-75.77999961000003282 40.00833290000006315)	1218	1217	0.03141	-65.49133
Point (-76.15499964000001398 40.38333293000004431)	849	848	0.03143	-29.12207
Point (-75.82166628000003072 40.13333291000005687)	1097	1096	0.03145	-23.11609
Point (-75.82166628000003072 40.59166628000003385)	657	656	0.03146	-8.23804
Point (-75.86333295000002863 40.8833329700000192)	376	375	0.03147	-70.12329
Point (-76.2799996500000077 41.09166632000000874)	166	165	0.03149	-92.9436
Point (-75.82166628000003072 40.63333295000003176)	617	616	0.0315	-2.44458
Point (-76.11333297000001608 40.00833290000006315)	1210	1209	0.03157	32.22705
Point (-75.65499960000003909 39.67499954000007989)	1541	1540	0.03166	92.76147
Point (-76.19666631000001189 40.8833329700000192)	368	367	0.03171	-43.71033
Point (-76.11333297000001608 40.34166626000004641)	890	889	0.03171	-23.56824
Point (-75.86333295000002863 39.92499956000006733)	1296	1295	0.03171	-37.26758
Point (-76.2799996500000077 40.50833294000003804)	726	725	0.03172	-114.59216
Point (-75.23833290000006002 39.92499956000006733)	1311	1310	0.03174	43.11084
Point (-76.11333297000001608 40.21666625000005268)	1010	1009	0.03175	-21.27026
Point (-76.15499964000001398 40.13333291000005687)	1089	1088	0.03175	-3.93701
Point (-76.36333299000000352 40.59166628000003385)	644	643	0.03178	-98.62476
Point (-75.82166628000003072 40.21666625000005268)	1017	1016	0.03181	-41.69751
Point (-76.11333297000001608 40.2999995900000485)	930	929	0.03182	-21.69556
Point (-75.23833290000006002 39.96666623000006524)	1271	1270	0.03182	-2.98926
Point (-75.86333295000002863 40.71666629000002757)	536	535	0.03183	-55.63196
Point (-75.57166626000004328 39.7583328800000757)	1463	1462	0.03185	-0.76318
Point (-75.32166624000005584 39.92499956000006733)	1309	1308	0.03185	19.28369
Point (-76.11333297000001608 40.25833292000005059)	970	969	0.03186	-10.02283
Point (-76.15499964000001398 40.04999957000006106)	1169	1168	0.03187	38.41919
Point (-75.82166628000003072 40.38333293000004431)	857	856	0.03188	-44.60815
Point (-75.57166626000004328 39.79999955000007361)	1423	1422	0.03188	-23.47327
Point (-76.02999963000002026 39.96666623000006524)	1252	1251	0.03188	-1.1886
Point (-76.11333297000001608 40.17499958000005478)	1050	1049	0.03189	-20.70728
Point (-76.15499964000001398 41.21666633000000246)	49	48	0.03191	-78.38818
Point (-76.11333297000001608 40.84166630000002129)	410	409	0.03192	-98.65137
Point (-76.11333297000001608 40.42499960000004222)	810	809	0.03194	-24.08997
Point (-75.82166628000003072 40.09166624000005896)	1137	1136	0.03196	-36.50623
Point (-76.15499964000001398 41.25833300000000037)	9	8	0.03197	-75.23181
Point (-76.15499964000001398 40.84166630000002129)	409	408	0.03199	-96.1377
Point (-76.07166630000001817 40.42499960000004222)	811	810	0.032	-26.25903
Point (-76.32166632000000561 40.59166628000003385)	645	644	0.03203	-92.81238
Point (-76.36333299000000352 41.09166632000000874)	164	163	0.03205	-133.95056
Point (-76.2799996500000077 40.54999961000003594)	686	685	0.03205	-103.55225
Point (-76.2383329800000098 40.46666627000004013)	767	766	0.03205	-83.15759
Point (-76.19666631000001189 40.42499960000004222)	808	807	0.03209	-62.80469
Point (-75.94666629000002445 39.92499956000006733)	1294	1293	0.03211	-4.84546
Point (-75.77999961000003282 40.92499964000001711)	338	337	0.03213	-121.8988
Point (-75.86333295000002863 40.50833294000003804)	736	735	0.03213	8.21509
Point (-75.90499962000002654 40.79999963000002339)	455	454	0.03215	-135.26917
Point (-75.90499962000002654 40.84166630000002129)	415	414	0.03216	-63.90271
Point (-76.44666632999999933 40.63333295000003176)	602	601	0.03217	-131.47729
Point (-76.2799996500000077 40.59166628000003385)	646	645	0.0322	-84.43457
Point (-75.82166628000003072 40.42499960000004222)	817	816	0.03222	-39.50122
Point (-75.82166628000003072 40.92499964000001711)	337	336	0.03228	-112.65698
Point (-76.2383329800000098 40.50833294000003804)	727	726	0.03228	-111.68091
Point (-75.86333295000002863 40.67499962000002967)	576	575	0.03228	-36.22742
Point (-76.2383329800000098 40.8833329700000192)	367	366	0.03232	-67.72339
Point (-75.86333295000002863 40.92499964000001711)	336	335	0.03234	-107.08301
Point (-76.19666631000001189 40.84166630000002129)	408	407	0.03235	-102.20398
Point (-76.48833299999999724 40.63333295000003176)	601	600	0.03236	-110.95313
Point (-75.82166628000003072 40.17499958000005478)	1057	1056	0.03237	-30.38184
Point (-75.86333295000002863 40.63333295000003176)	616	615	0.03238	-18.35815
Point (-76.15499964000001398 40.8833329700000192)	369	368	0.03242	-56.10376
Point (-75.61333293000004119 39.67499954000007989)	1542	1541	0.03244	78.71069
Point (-75.73833294000003491 40.92499964000001711)	339	338	0.03249	-109.00476
Point (-75.86333295000002863 40.59166628000003385)	656	655	0.03251	-16.95374
Point (-76.15499964000001398 40.42499960000004222)	809	808	0.03253	-39.57654
Point (-75.86333295000002863 40.25833292000005059)	976	975	0.03254	-41.18872
Point (-76.40499966000000143 40.63333295000003176)	603	602	0.03254	-137.69604
Point (-76.11333297000001608 41.25833300000000037)	10	9	0.03255	-79.51379
Point (-75.86333295000002863 40.46666627000004013)	776	775	0.03255	-4.6366
Point (-76.19666631000001189 40.46666627000004013)	768	767	0.03258	-83.60938
Point (-75.40499958000005165 40.13333291000005687)	1107	1106	0.03262	10.59558
Point (-75.86333295000002863 40.54999961000003594)	696	695	0.03264	2.03796
Point (-75.94666629000002445 40.79999963000002339)	454	453	0.03265	-183.83679
Point (-75.82166628000003072 40.96666631000001502)	297	296	0.03265	-127.14539
Point (-75.86333295000002863 40.96666631000001502)	296	295	0.0327	-115.31018
Point (-75.90499962000002654 40.75833296000002548)	495	494	0.03271	-108.6554
Point (-75.90499962000002654 40.8833329700000192)	375	374	0.03272	-74.48157
Point (-76.2383329800000098 41.09166632000000874)	167	166	0.03272	-69.41394
Point (-75.40499958000005165 40.09166624000005896)	1147	1146	0.03272	3.04541
Point (-75.86333295000002863 40.09166624000005896)	1136	1135	0.03274	-24.70496
Point (-75.94666629000002445 40.84166630000002129)	414	413	0.03275	-126.50317
Point (-76.07166630000001817 40.84166630000002129)	411	410	0.0328	-143.5083
Point (-76.15499964000001398 40.46666627000004013)	769	768	0.03292	-66.40137
Point (-76.07166630000001817 40.00833290000006315)	1211	1210	0.03292	14.71704
Point (-75.90499962000002654 40.92499964000001711)	335	334	0.03293	-117.41931
Point (-75.61333293000004119 40.96666631000001502)	302	301	0.03295	-126.05078
Point (-75.77999961000003282 40.96666631000001502)	298	297	0.03296	-133.49561
Point (-76.07166630000001817 40.8833329700000192)	371	370	0.03299	-108.7428
Point (-76.11333297000001608 41.21666633000000246)	50	49	0.033	-82.24017
Point (-76.2383329800000098 40.92499964000001711)	327	326	0.03303	-37.78699
Point (-76.19666631000001189 40.50833294000003804)	728	727	0.03306	-104.84375
Point (-76.2383329800000098 40.54999961000003594)	687	686	0.03309	-111.09119
Point (-75.86333295000002863 40.21666625000005268)	1016	1015	0.0331	-43.64209
Point (-76.07166630000001817 40.25833292000005059)	971	970	0.03311	-20.92957
Point (-76.11333297000001608 40.8833329700000192)	370	369	0.03314	-70.37512
Point (-76.32166632000000561 40.63333295000003176)	605	604	0.03314	-107.15076
Point (-76.2383329800000098 40.59166628000003385)	647	646	0.03317	-85.65259
Point (-76.15499964000001398 40.79999963000002339)	449	448	0.03321	-130.40955
Point (-75.90499962000002654 40.96666631000001502)	295	294	0.03321	-116.35657
Point (-75.61333293000004119 40.8833329700000192)	382	381	0.03321	-66.17896
Point (-75.86333295000002863 40.13333291000005687)	1096	1095	0.03321	-20.98816
Point (-76.02999963000002026 40.84166630000002129)	412	411	0.03322	-162.9928
Point (-76.07166630000001817 40.21666625000005268)	1011	1010	0.03322	-22.78943
Point (-76.2799996500000077 40.63333295000003176)	606	605	0.03324	-99.99316
Point (-76.36333299000000352 40.63333295000003176)	604	603	0.03326	-128.50891
Point (-76.19666631000001189 40.92499964000001711)	328	327	0.03329	-39.19299
Point (-76.07166630000001817 40.2999995900000485)	931	930	0.03329	-12.02979
Point (-76.07166630000001817 41.25833300000000037)	11	10	0.0333	-93.38654
Point (-75.90499962000002654 40.71666629000002757)	535	534	0.0333	-78.98401
Point (-75.32166624000005584 39.88333289000006943)	1349	1348	0.0333	53.43445
Point (-76.2383329800000098 40.84166630000002129)	407	406	0.03331	-98.32666
Point (-76.07166630000001817 40.34166626000004641)	891	890	0.03333	-9.60034
Point (-75.90499962000002654 39.92499956000006733)	1295	1294	0.03333	-20.46069
Point (-75.98833296000002235 40.79999963000002339)	453	452	0.03335	-197.57788
Point (-75.61333293000004119 41.00833298000001292)	262	261	0.03335	-115.18433
Point (-76.02999963000002026 40.8833329700000192)	372	371	0.03335	-176.5625
Point (-75.23833290000006002 39.84166622000007152)	1391	1390	0.03335	62.72583
Point (-75.65499960000003909 40.96666631000001502)	301	300	0.03336	-110.94836
Point (-75.98833296000002235 40.84166630000002129)	413	412	0.03339	-159.35681
Point (-75.94666629000002445 40.8833329700000192)	374	373	0.03339	-132.87817
Point (-75.90499962000002654 40.25833292000005059)	975	974	0.03339	-33.47949
Point (-75.27999957000005793 39.92499956000006733)	1310	1309	0.03339	30.01636
Point (-76.19666631000001189 41.09166632000000874)	168	167	0.03344	-52.43823
Point (-76.19666631000001189 40.79999963000002339)	448	447	0.03346	-127.27222
Point (-76.2383329800000098 40.63333295000003176)	607	606	0.03347	-108.81323
Point (-76.15499964000001398 40.92499964000001711)	329	328	0.03349	-78.29907
Point (-76.15499964000001398 40.09166624000005896)	1129	1128	0.03349	25.84351
Point (-75.94666629000002445 40.75833296000002548)	494	493	0.03353	-145.24597
Point (-76.11333297000001608 40.79999963000002339)	450	449	0.03356	-132.82788
Point (-76.15499964000001398 41.13333299000000665)	129	128	0.03356	-89.64618
Point (-76.07166630000001817 40.79999963000002339)	451	450	0.03359	-141.30981
Point (-76.2799996500000077 40.8833329700000192)	366	365	0.0336	-139.99988
Point (-75.98833296000002235 40.8833329700000192)	373	372	0.03366	-172.1228
Point (-75.696666270000037 40.92499964000001711)	340	339	0.03367	-125.10132
Point (-76.2799996500000077 40.92499964000001711)	326	325	0.03367	-99.78076
Point (-76.2799996500000077 40.67499962000002967)	566	565	0.03368	-122.60767
Point (-75.27999957000005793 39.84166622000007152)	1390	1389	0.03368	81.37158
Point (-75.61333293000004119 40.92499964000001711)	342	341	0.03369	-101.32446
Point (-76.07166630000001817 41.21666633000000246)	51	50	0.03369	-90.04077
Point (-75.90499962000002654 40.67499962000002967)	575	574	0.03369	-68.62817
Point (-75.82166628000003072 40.04999957000006106)	1177	1176	0.0337	-63.94495
Point (-76.11333297000001608 40.46666627000004013)	770	769	0.03371	-49.34863
Point (-76.02999963000002026 40.79999963000002339)	452	451	0.03372	-166.03296
Point (-76.32166632000000561 40.67499962000002967)	565	564	0.03374	-140.46753
Point (-75.94666629000002445 40.92499964000001711)	334	333	0.03375	-147.27026
Point (-75.98833296000002235 40.92499964000001711)	333	332	0.03376	-173.66833
Point (-75.86333295000002863 40.17499958000005478)	1056	1055	0.03376	-32.91577
Point (-75.73833294000003491 40.96666631000001502)	299	298	0.03381	-100.9585
Point (-76.07166630000001817 40.17499958000005478)	1051	1050	0.03388	-6.99988
Point (-75.86333295000002863 40.34166626000004641)	896	895	0.0339	-34.05774
Point (-76.40499966000000143 40.67499962000002967)	563	562	0.03391	-147.48816
Point (-76.2799996500000077 40.71666629000002757)	526	525	0.03391	-156.5813
Point (-76.02999963000002026 40.00833290000006315)	1212	1211	0.03394	3.47473
Point (-76.36333299000000352 40.67499962000002967)	564	563	0.03397	-169.95508
Point (-75.90499962000002654 40.63333295000003176)	615	614	0.03399	-53.37756
Point (-75.696666270000037 40.8833329700000192)	380	379	0.03402	-103.53638
Point (-75.90499962000002654 40.21666625000005268)	1015	1014	0.03403	-37.76294
Point (-75.86333295000002863 41.00833298000001292)	256	255	0.03404	-98.90906
Point (-75.94666629000002445 40.96666631000001502)	294	293	0.03405	-125.45801
Point (-76.2383329800000098 40.71666629000002757)	527	526	0.03408	-149.13928
Point (-75.90499962000002654 40.50833294000003804)	735	734	0.03409	-7.10718
Point (-75.98833296000002235 40.75833296000002548)	493	492	0.0341	-166.93958
Point (-75.86333295000002863 40.2999995900000485)	936	935	0.0341	-24.43542
Point (-75.696666270000037 40.96666631000001502)	300	299	0.03412	-83.80212
Point (-75.65499960000003909 40.92499964000001711)	341	340	0.03412	-134.42163
Point (-76.40499966000000143 41.09166632000000874)	163	162	0.03412	-130.82794
Point (-76.2799996500000077 40.84166630000002129)	406	405	0.03414	-121.80408
Point (-76.11333297000001608 40.92499964000001711)	330	329	0.03416	-116.71228
Point (-76.02999963000002026 40.21666625000005268)	1012	1011	0.03418	-19.52917
Point (-76.2383329800000098 40.67499962000002967)	567	566	0.0342	-123.96936
Point (-75.98833296000002235 39.96666623000006524)	1253	1252	0.0342	0.13696
Point (-76.19666631000001189 40.96666631000001502)	288	287	0.03421	-94.21155
Point (-75.90499962000002654 40.59166628000003385)	655	654	0.03421	-59.34436
Point (-76.02999963000002026 40.25833292000005059)	972	971	0.03423	-26.98242
Point (-75.90499962000002654 40.09166624000005896)	1135	1134	0.03423	-15.25879
Point (-76.11333297000001608 41.17499966000000455)	90	89	0.03424	-90.84216
Point (-76.15499964000001398 40.50833294000003804)	729	728	0.03424	-97.36475
Point (-76.2383329800000098 40.96666631000001502)	287	286	0.03425	-85.9845
Point (-76.32166632000000561 40.71666629000002757)	525	524	0.03426	-177.07898
Point (-76.19666631000001189 40.54999961000003594)	688	687	0.03427	-129.00183
Point (-76.2383329800000098 41.04999965000001083)	207	206	0.03428	-42.6532
Point (-75.82166628000003072 41.00833298000001292)	257	256	0.03429	-129.17444
Point (-76.15499964000001398 40.96666631000001502)	289	288	0.03431	-91.1189
Point (-76.19666631000001189 41.04999965000001083)	208	207	0.03431	-44.88495
Point (-76.19666631000001189 40.75833296000002548)	488	487	0.03438	-164.99231
Point (-76.2799996500000077 41.04999965000001083)	206	205	0.03439	-62.32837
Point (-76.44666632999999933 40.67499962000002967)	562	561	0.03441	-102.87708
Point (-75.36333291000005374 40.09166624000005896)	1148	1147	0.03444	7.64087
Point (-76.2383329800000098 40.75833296000002548)	487	486	0.03448	-173.22314
Point (-76.19666631000001189 41.00833298000001292)	248	247	0.03448	-75.81818
Point (-76.15499964000001398 41.09166632000000874)	169	168	0.03449	-47.10419
Point (-75.65499960000003909 41.00833298000001292)	261	260	0.03454	-104.09839
Point (-75.86333295000002863 40.42499960000004222)	816	815	0.03455	-31.96436
Point (-75.696666270000037 41.00833298000001292)	260	259	0.03456	-102.8407
Point (-75.90499962000002654 40.54999961000003594)	695	694	0.03457	-18.29285
Point (-76.2799996500000077 40.75833296000002548)	486	485	0.03461	-166.03137
Point (-76.02999963000002026 40.75833296000002548)	492	491	0.03461	-152.03662
Point (-75.86333295000002863 40.38333293000004431)	856	855	0.03463	-31.2417
Point (-75.36333291000005374 40.13333291000005687)	1108	1107	0.03463	31.23389
Point (-76.15499964000001398 40.75833296000002548)	489	488	0.03464	-158.65063
Point (-76.15499964000001398 41.00833298000001292)	249	248	0.03464	-64.34198
Point (-75.90499962000002654 40.46666627000004013)	775	774	0.03464	-7.54456
Point (-76.02999963000002026 40.92499964000001711)	332	331	0.03465	-172.13586
Point (-76.19666631000001189 40.71666629000002757)	528	527	0.03465	-142.83777
Point (-75.23833290000006002 39.88333289000006943)	1351	1350	0.03468	82.05127
Point (-76.19666631000001189 40.63333295000003176)	608	607	0.03474	-111.37012
Point (-75.73833294000003491 41.00833298000001292)	259	258	0.03475	-121.90857
Point (-76.32166632000000561 40.8833329700000192)	365	364	0.03477	-112.52368
Point (-75.94666629000002445 40.71666629000002757)	534	533	0.03477	-102.91589
Point (-76.07166630000001817 40.75833296000002548)	491	490	0.03479	-134.70056
Point (-75.90499962000002654 41.00833298000001292)	255	254	0.0348	-99.22754
Point (-76.19666631000001189 40.59166628000003385)	648	647	0.0348	-103.50012
Point (-75.94666629000002445 40.25833292000005059)	974	973	0.03481	-28.54431
Point (-76.32166632000000561 40.84166630000002129)	405	404	0.03482	-139.32788
Point (-75.77999961000003282 41.00833298000001292)	258	257	0.03482	-146.80872
Point (-76.2383329800000098 41.00833298000001292)	247	246	0.03482	-84.83618
Point (-76.07166630000001817 40.46666627000004013)	771	770	0.03485	-43.18896
Point (-76.11333297000001608 40.96666631000001502)	290	289	0.03486	-109.38977
Point (-75.65499960000003909 40.8833329700000192)	381	380	0.03486	-99.34045
Point (-76.15499964000001398 41.04999965000001083)	209	208	0.03488	-59.91632
Point (-76.11333297000001608 40.75833296000002548)	490	489	0.03491	-142.49719
Point (-76.48833299999999724 40.67499962000002967)	561	560	0.03492	-81.98718
Point (-76.2383329800000098 40.79999963000002339)	447	446	0.03496	-128.47327
Point (-76.02999963000002026 41.25833300000000037)	12	11	0.035	-116.43866
Point (-75.98833296000002235 40.25833292000005059)	973	972	0.03501	-24.86157
Point (-76.32166632000000561 40.92499964000001711)	325	324	0.03502	-129.17358
Point (-76.36333299000000352 40.71666629000002757)	524	523	0.03505	-178.10852
Point (-76.11333297000001608 41.13333299000000665)	130	129	0.0351	-66.4248
Point (-75.98833296000002235 40.21666625000005268)	1013	1012	0.03512	-17.63782
Point (-76.2799996500000077 40.96666631000001502)	286	285	0.03515	-79.18518
Point (-76.02999963000002026 40.17499958000005478)	1052	1051	0.03515	-1.19727
Point (-76.11333297000001608 41.09166632000000874)	170	169	0.03523	-40.09717
Point (-76.11333297000001608 40.13333291000005687)	1090	1089	0.03523	-0.00122
Point (-76.32166632000000561 41.04999965000001083)	205	204	0.03532	-97.14655
Point (-76.02999963000002026 40.2999995900000485)	932	931	0.03532	-6.83325
Point (-76.32166632000000561 40.75833296000002548)	485	484	0.03533	-136.40662
Point (-76.19666631000001189 40.67499962000002967)	568	567	0.03533	-125.05945
Point (-76.2799996500000077 41.00833298000001292)	246	245	0.03536	-89.41803
Point (-76.11333297000001608 41.04999965000001083)	210	209	0.03538	-72.32294
Point (-76.11333297000001608 41.00833298000001292)	250	249	0.03539	-74.56934
Point (-76.07166630000001817 41.17499966000000455)	91	90	0.03539	-94.01721
Point (-76.11333297000001608 40.50833294000003804)	730	729	0.0354	-84.66663
Point (-75.90499962000002654 40.2999995900000485)	935	934	0.03543	-20.50549
Point (-75.90499962000002654 40.13333291000005687)	1095	1094	0.03544	-17.08032
Point (-75.98833296000002235 40.71666629000002757)	533	532	0.03545	-118.35767
Point (-76.07166630000001817 40.92499964000001711)	331	330	0.03546	-148.38257
Point (-75.90499962000002654 40.17499958000005478)	1055	1054	0.03549	-27.25537
Point (-75.94666629000002445 40.67499962000002967)	574	573	0.0355	-84.96814
Point (-75.94666629000002445 40.09166624000005896)	1134	1133	0.0355	-14.52014
Point (-76.07166630000001817 40.96666631000001502)	291	290	0.03552	-136.32458
Point (-75.65499960000003909 41.04999965000001083)	221	220	0.03552	-164.66541
Point (-76.2799996500000077 40.79999963000002339)	446	445	0.03554	-129.92053
Point (-75.82166628000003072 39.96666623000006524)	1257	1256	0.03559	-53.73315
Point (-75.696666270000037 41.04999965000001083)	220	219	0.03561	-145.83423
Point (-75.94666629000002445 40.21666625000005268)	1014	1013	0.03562	-24.85168
Point (-76.07166630000001817 41.13333299000000665)	131	130	0.03563	-80.10516
Point (-76.40499966000000143 40.71666629000002757)	523	522	0.03563	-127.15601
Point (-75.86333295000002863 40.04999957000006106)	1176	1175	0.03566	-56.54492
Point (-76.15499964000001398 40.71666629000002757)	529	528	0.03574	-137.44202
Point (-76.02999963000002026 41.21666633000000246)	52	51	0.03582	-99.51459
Point (-76.02999963000002026 40.71666629000002757)	532	531	0.0359	-136.3374
Point (-76.44666632999999933 40.71666629000002757)	522	521	0.03592	-117.63281
Point (-76.32166632000000561 40.79999963000002339)	445	444	0.03598	-136.72778
Point (-75.94666629000002445 40.2999995900000485)	934	933	0.03601	-6.53442
Point (-76.07166630000001817 41.09166632000000874)	171	170	0.03603	-66.25983
Point (-76.11333297000001608 40.04999957000006106)	1170	1169	0.03605	33.11914
Point (-76.02999963000002026 40.42499960000004222)	812	811	0.03609	-32.09583
Point (-75.94666629000002445 40.50833294000003804)	734	733	0.0361	-29.04639
Point (-75.98833296000002235 40.96666631000001502)	293	292	0.03612	-144.11426
Point (-76.44666632999999933 41.09166632000000874)	162	161	0.03612	-132.26459
Point (-76.07166630000001817 41.00833298000001292)	251	250	0.03613	-94.46271
Point (-75.94666629000002445 40.46666627000004013)	774	773	0.03613	-14.13672
Point (-75.98833296000002235 40.00833290000006315)	1213	1212	0.03617	-5.18323
Point (-76.36333299000000352 40.8833329700000192)	364	363	0.03619	-100.24597
Point (-76.07166630000001817 41.04999965000001083)	211	210	0.03622	-89.12695
Point (-75.73833294000003491 41.04999965000001083)	219	218	0.03624	-134.41064
Point (-75.94666629000002445 40.63333295000003176)	614	613	0.03632	-96.55383
Point (-76.32166632000000561 40.96666631000001502)	285	284	0.03633	-97.49841
Point (-76.32166632000000561 41.00833298000001292)	245	244	0.03633	-106.422
Point (-76.11333297000001608 40.71666629000002757)	530	529	0.03633	-138.50366
Point (-75.98833296000002235 40.17499958000005478)	1053	1052	0.03633	-4.0874
Point (-75.98833296000002235 41.25833300000000037)	13	12	0.03634	-128.255
Point (-76.48833299999999724 40.71666629000002757)	521	520	0.03635	-93.97717
Point (-75.98833296000002235 40.09166624000005896)	1133	1132	0.03636	-18.28394
Point (-76.07166630000001817 40.50833294000003804)	731	730	0.03637	-76.26404
Point (-75.98833296000002235 40.04999957000006106)	1173	1172	0.03638	-14.11536
Point (-76.02999963000002026 40.96666631000001502)	292	291	0.03642	-148.31763
Point (-76.15499964000001398 40.67499962000002967)	569	568	0.03642	-137.51306
Point (-76.02999963000002026 40.04999957000006106)	1172	1171	0.03642	-1.0321
Point (-76.36333299000000352 40.84166630000002129)	404	403	0.03643	-131.84778
Point (-75.82166628000003072 40.00833290000006315)	1217	1216	0.03644	-68.54895
Point (-76.15499964000001398 40.54999961000003594)	689	688	0.03645	-165.70789
Point (-76.02999963000002026 41.13333299000000665)	132	131	0.03649	-85.54657
Point (-76.36333299000000352 40.75833296000002548)	484	483	0.03652	-119.82629
Point (-76.07166630000001817 40.71666629000002757)	531	530	0.03652	-140.02222
Point (-76.07166630000001817 40.13333291000005687)	1091	1090	0.03653	7.06885
Point (-76.02999963000002026 41.17499966000000455)	92	91	0.03654	-91.2948
Point (-76.02999963000002026 40.46666627000004013)	772	771	0.03656	-36.79102
Point (-76.40499966000000143 40.75833296000002548)	483	482	0.03658	-129.229
Point (-75.98833296000002235 40.2999995900000485)	933	932	0.0366	5.96472
Point (-76.02999963000002026 40.13333291000005687)	1092	1091	0.0366	5.64063
Point (-76.02999963000002026 41.00833298000001292)	252	251	0.03661	-121.1308
Point (-75.94666629000002445 40.13333291000005687)	1094	1093	0.03661	-10.05371
Point (-75.94666629000002445 41.25833300000000037)	14	13	0.03666	-110.12775
Point (-75.98833296000002235 40.46666627000004013)	773	772	0.03668	-25.32715
Point (-75.98833296000002235 40.13333291000005687)	1093	1092	0.03668	-2.32007
Point (-75.90499962000002654 40.42499960000004222)	815	814	0.03671	-11.06433
Point (-75.94666629000002445 40.17499958000005478)	1054	1053	0.03674	-13.8446
Point (-76.15499964000001398 40.63333295000003176)	609	608	0.03675	-115.80579
Point (-75.98833296000002235 41.00833298000001292)	253	252	0.03687	-123.38232
Point (-76.36333299000000352 40.92499964000001711)	324	323	0.03688	-112.60852
Point (-75.94666629000002445 40.54999961000003594)	694	693	0.03688	-29.76636
Point (-75.94666629000002445 40.04999957000006106)	1174	1173	0.03692	-27.07056
Point (-75.98833296000002235 40.67499962000002967)	573	572	0.03693	-94.42139
Point (-75.98833296000002235 41.21666633000000246)	53	52	0.03694	-72.133
Point (-76.11333297000001608 40.67499962000002967)	570	569	0.03694	-137.87427
Point (-75.65499960000003909 41.09166632000000874)	181	180	0.03695	-190.09021
Point (-76.36333299000000352 40.79999963000002339)	444	443	0.03696	-145.60913
Point (-75.94666629000002445 41.00833298000001292)	254	253	0.03699	-101.97485
Point (-76.07166630000001817 40.04999957000006106)	1171	1170	0.03702	17.54321
Point (-76.02999963000002026 41.09166632000000874)	172	171	0.03703	-84.95215
Point (-76.02999963000002026 41.04999965000001083)	212	211	0.03704	-107.84393
Point (-75.94666629000002445 40.59166628000003385)	654	653	0.03704	-88.61658
Point (-76.02999963000002026 40.50833294000003804)	732	731	0.03707	-68.17737
Point (-75.90499962000002654 40.04999957000006106)	1175	1174	0.03711	-42.97461
Point (-76.15499964000001398 40.59166628000003385)	649	648	0.03713	-119.85376
Point (-76.02999963000002026 40.38333293000004431)	852	851	0.03721	-34.40344
Point (-75.90499962000002654 40.34166626000004641)	895	894	0.03725	-34.35181
Point (-75.98833296000002235 40.50833294000003804)	733	732	0.03731	-56.30518
Point (-76.02999963000002026 40.34166626000004641)	892	891	0.03733	-7.32739
Point (-76.44666632999999933 40.75833296000002548)	482	481	0.03737	-123.36108
Point (-76.02999963000002026 40.67499962000002967)	572	571	0.03738	-107.27222
Point (-76.07166630000001817 40.67499962000002967)	571	570	0.03744	-119.26575
Point (-76.36333299000000352 41.04999965000001083)	204	203	0.03752	-124.74854
Point (-75.90499962000002654 41.25833300000000037)	15	14	0.03754	-79.36035
Point (-75.98833296000002235 41.04999965000001083)	213	212	0.03762	-106.4693
Point (-75.98833296000002235 41.09166632000000874)	173	172	0.03765	-86.44818
Point (-75.98833296000002235 41.13333299000000665)	133	132	0.03768	-75.18481
Point (-75.98833296000002235 41.17499966000000455)	93	92	0.0377	-87.33722
Point (-75.27999957000005793 39.88333289000006943)	1350	1349	0.03781	69.79993
Point (-75.90499962000002654 40.38333293000004431)	855	854	0.03787	-8.34229
Point (-76.40499966000000143 40.79999963000002339)	443	442	0.03789	-125.70276
Point (-75.94666629000002445 41.04999965000001083)	214	213	0.0379	-81.05139
Point (-76.40499966000000143 40.84166630000002129)	403	402	0.03791	-113.96094
Point (-75.696666270000037 41.09166632000000874)	180	179	0.03791	-165.54138
Point (-75.94666629000002445 39.96666623000006524)	1254	1253	0.03793	-11.42517
Point (-75.90499962000002654 41.04999965000001083)	215	214	0.03797	-68.96167
Point (-75.94666629000002445 41.21666633000000246)	54	53	0.03797	-45.0238
Point (-75.98833296000002235 40.63333295000003176)	613	612	0.03802	-122.40503
Point (-76.40499966000000143 40.8833329700000192)	363	362	0.03805	-100.03937
Point (-75.86333295000002863 41.04999965000001083)	216	215	0.03805	-90.65344
Point (-75.94666629000002445 40.42499960000004222)	814	813	0.03808	-2.68237
Point (-76.02999963000002026 40.09166624000005896)	1132	1131	0.0381	-1.85547
Point (-75.86333295000002863 41.25833300000000037)	16	15	0.03816	-91.66882
Point (-76.36333299000000352 40.96666631000001502)	284	283	0.03819	-117.8396
Point (-75.77999961000003282 41.04999965000001083)	218	217	0.0382	-130.92126
Point (-75.82166628000003072 41.04999965000001083)	217	216	0.03827	-118.74414
Point (-76.11333297000001608 40.54999961000003594)	690	689	0.03829	-171.12476
Point (-76.48833299999999724 40.75833296000002548)	481	480	0.03834	-111.12378
Point (-75.94666629000002445 41.09166632000000874)	174	173	0.03838	-69.04419
Point (-75.90499962000002654 41.21666633000000246)	55	54	0.03846	-58.77643
Point (-75.94666629000002445 41.17499966000000455)	94	93	0.03852	-74.42334
Point (-75.98833296000002235 40.54999961000003594)	693	692	0.03853	-45.89673
Point (-76.11333297000001608 40.63333295000003176)	610	609	0.03854	-111.72314
Point (-75.94666629000002445 41.13333299000000665)	134	133	0.03856	-60.19092
Point (-76.36333299000000352 41.00833298000001292)	244	243	0.03876	-125.82141
Point (-75.86333295000002863 41.21666633000000246)	56	55	0.0388	-112.18951
Point (-76.40499966000000143 40.92499964000001711)	323	322	0.03881	-112.17523
Point (-75.98833296000002235 40.42499960000004222)	813	812	0.03883	-21.6344
Point (-75.696666270000037 41.13333299000000665)	140	139	0.03889	-153.7334
Point (-75.73833294000003491 41.09166632000000874)	179	178	0.03894	-143.24762
Point (-76.11333297000001608 40.09166624000005896)	1130	1129	0.039	30.64807
Point (-76.07166630000001817 40.63333295000003176)	611	610	0.03912	-105.94482
Point (-75.90499962000002654 41.13333299000000665)	135	134	0.03918	-73.2782
Point (-75.90499962000002654 41.17499966000000455)	95	94	0.0392	-93.37341
Point (-75.90499962000002654 41.09166632000000874)	175	174	0.03921	-65.54065
Point (-75.82166628000003072 41.21666633000000246)	57	56	0.03924	-163.05475
Point (-76.44666632999999933 40.79999963000002339)	442	441	0.03933	-111.81177
Point (-76.02999963000002026 40.63333295000003176)	612	611	0.03933	-103.0647
Point (-76.11333297000001608 40.59166628000003385)	650	649	0.0394	-124.47473
Point (-76.07166630000001817 40.54999961000003594)	691	690	0.03941	-137.79663
Point (-75.98833296000002235 40.59166628000003385)	653	652	0.03945	-104.57935
Point (-75.94666629000002445 40.00833290000006315)	1214	1213	0.0396	-29.12061
Point (-76.02999963000002026 40.54999961000003594)	692	691	0.03962	-87.38184
Point (-75.86333295000002863 41.17499966000000455)	96	95	0.03965	-133.78931
Point (-75.77999961000003282 41.21666633000000246)	58	57	0.03966	-189.30518
Point (-76.44666632999999933 40.8833329700000192)	362	361	0.03993	-99.75037
Point (-75.94666629000002445 40.34166626000004641)	894	893	0.03994	1.52124
Point (-76.07166630000001817 40.09166624000005896)	1131	1130	0.04008	19.69727
Point (-75.98833296000002235 40.34166626000004641)	893	892	0.04014	13.67456
Point (-75.86333295000002863 41.09166632000000874)	176	175	0.04015	-87.22974
Point (-76.44666632999999933 40.84166630000002129)	402	401	0.04018	-97.3905
Point (-75.86333295000002863 41.13333299000000665)	136	135	0.04018	-122.29236
Point (-76.40499966000000143 41.04999965000001083)	203	202	0.04029	-142.00281
Point (-75.73833294000003491 41.17499966000000455)	99	98	0.04035	-174.66699
Point (-75.77999961000003282 41.09166632000000874)	178	177	0.04044	-134.04761
Point (-75.82166628000003072 41.17499966000000455)	97	96	0.04051	-173.2467
Point (-76.44666632999999933 40.92499964000001711)	322	321	0.04052	-113.52881
Point (-75.82166628000003072 41.09166632000000874)	177	176	0.04059	-113.31335
Point (-75.77999961000003282 41.17499966000000455)	98	97	0.04067	-175.89502
Point (-75.86333295000002863 39.96666623000006524)	1256	1255	0.04068	-51.88403
Point (-76.02999963000002026 40.59166628000003385)	652	651	0.04078	-119.48291
Point (-75.86333295000002863 40.00833290000006315)	1216	1215	0.04082	-65.61914
Point (-76.07166630000001817 40.59166628000003385)	651	650	0.04091	-119.19873
Point (-76.40499966000000143 40.96666631000001502)	283	282	0.04097	-134.06061
Point (-75.82166628000003072 41.13333299000000665)	137	136	0.04103	-148.83875
Point (-75.94666629000002445 40.38333293000004431)	854	853	0.04106	-1.75159
Point (-76.48833299999999724 40.79999963000002339)	441	440	0.04109	-104.95935
Point (-76.48833299999999724 40.92499964000001711)	321	320	0.04128	-114.98077
Point (-75.90499962000002654 39.96666623000006524)	1255	1254	0.04134	-35.36816
Point (-75.73833294000003491 41.13333299000000665)	139	138	0.04147	-144.31879
Point (-76.48833299999999724 40.8833329700000192)	361	360	0.04159	-100.28693
Point (-75.77999961000003282 41.13333299000000665)	138	137	0.04186	-150.77979
Point (-75.90499962000002654 40.00833290000006315)	1215	1214	0.04206	-56.54956
Point (-76.40499966000000143 41.00833298000001292)	243	242	0.04267	-142.19318
Point (-76.44666632999999933 41.04999965000001083)	202	201	0.04277	-146.23047
Point (-76.48833299999999724 40.84166630000002129)	401	400	0.0429	-92.44928
Point (-76.44666632999999933 40.96666631000001502)	282	281	0.04303	-129.27643
Point (-75.98833296000002235 40.38333293000004431)	853	852	0.04354	-19.45056
Point (-76.48833299999999724 41.04999965000001083)	201	200	0.04381	-132.15234
Point (-76.48833299999999724 40.96666631000001502)	281	280	0.04435	-124.27277
Point (-76.44666632999999933 41.00833298000001292)	242	241	0.04709	-141.56787
Point (-76.48833299999999724 41.00833298000001292)	241	240	0.04745	-133.92755