0	80.817
1	8362.426
1	12296.781
1	15696.914
1	26636.552
1	31374.462
1	31655.653
1	31661.78
1	32975.995
1	33008.111
1	34599.602
1	37119.363
1	37266.542
1	37328.572
1	39040.945
1	39612.127
1	40120.844
1	40784.487
1	41143.603
1	42010.012
1	45639.049
1	45656.869
1	47774.161
1	47939.389
1	48443.725
1	48443.728
1	50063.251
1	50508.142
1	52010.242
1	52277.71
1	52421.449
1	52629.113
1	52753.555
1	52753.561
1	52753.572
1	53566.632
1	53586.284
1	53706.849
1	53741.755
1	54682.764
1	55022.536
1	55242.234
1	55829.376
1	56029.117
1	57821.851
1	58499.049
1	58538.381
1	58866.359
1	59705.195
1	59705.211
1	61055.194
1	61125.979
1	63189.587
1	63348.165
1	63832.537
1	64160.406
1	64780.489
1	64784.653
1	65194.039
1	65406.141
1	65953.717
1	65985.552
1	66533.207
1	67356.056
1	67553.507
1	68119.159
1	68337.127
1	68633.451
1	68928.465
1	68928.467
1	69037.314
1	69296.98
1	70271.814
1	71912.727
1	72165.047
1	73172.445
1	76812.117
1	76892.569
1	77663.918
1	77825.099
1	78723.917
1	79540.034
1	79779.493
1	80699.497
1	80699.513
1	81342.284
1	82542.942
1	82725.875
1	82725.879
1	82725.913
1	83064.989
1	83387.7
1	84103.357
1	84312.132
1	84348.545
1	85105.186
1	85781.522
1	85842.835
1	86004.945
1	86454.469
1	86507.002
1	86513.109
1	86574.006
1	86711.858
1	86760.216
1	86798.709
1	86931.393
1	87745.498
1	87905.405
1	87975.98
1	88091.991
1	88519.847
1	88807.53
1	88976.826
1	89147.801
1	89376.829
1	89432.976
1	89432.999
1	89609.868
1	89716.563
1	90251.892
1	90625.688
1	90666.309
1	90834.188
1	90837.535
1	91280.153
1	91421.425
1	91501.867
1	91548.949
1	91548.97
1	91912.238
1	92234.444
1	92273.583
1	92677.055
1	93746.038
1	94179.135
1	94187.457
1	94333.576
1	94605.886
1	94632.27
1	94720.446
1	94817.572
1	95183.905
1	95183.956
1	95183.984
1	95183.992
1	95183.994
1	95236.863
1	95236.876
1	95562.856
1	95643.16
1	95988.809
1	96610.752
1	96878.752
1	97825.222
1	97996.811
1	100048.839
1	100648.546
1	100696.782
1	100860.922
1	101123.939
1	101185.321
1	101303.396
1	101303.398
1	101707.756
1	101736.043
1	101736.067
1	101855.448
1	102627.319
1	102627.34
1	102627.347
1	102964.109
1	102977.142
1	102977.144
1	103195.107
1	103476.868
1	105182.669
1	106693.938
1	106693.953
1	107030.959
1	107123.083
1	107825.447
1	107825.465
1	108381.095
1	108767.033
1	108906.369
1	109000.506
1	109068.315
1	109112.99
1	109405.099
1	109590.12
1	109762.631
1	109942.121
1	110051.736
1	110092.84
1	111709.328
1	111739.022
1	111980.76
1	112034.169
1	112065.798
1	112089.055
1	112120.044
1	112123.056
1	112266.005
1	112419.348
1	112437.465
1	112437.472
1	112482.434
1	112482.454
1	112591.951
1	112603.596
1	112603.614
1	112938.941
1	112956.773
1	112956.783
1	113252.995
1	113255.419
1	113488.396
2	55918.862
2	56416.62
2	56425.621
2	56998.35
2	57339.103
2	57857.206
2	57950.869
2	57950.878
2	57994.275
2	58132.306
2	58132.333
2	58226.99
2	58672.955
2	58672.958
2	59093.239
2	60030.352
2	60086.668
2	60264.972
2	66955.269
2	67082.843
2	67938.741
2	68748.882
2	68888.422
2	79981.842
2	80272.741
2	80559.713
2	80559.776
2	81070.772
2	81216.946
2	81245.504
2	81330.154
2	81544.266
2	100967.412
2	144956.931
2	145141.736
2	145270.404
2	145556.392
2	145556.406
2	146337.473
2	146394.751
2	146858.524
2	146902.81
2	147191.188
2	147892.238
2	147892.279
2	148096.029
2	148289.045
2	148440.63
2	148440.658
2	148440.672
2	148551.818
2	148669.109
2	148916.542
2	149725.746
2	149952.075
2	150075.577
2	150222.744
2	150308.149
2	150314.918
3	341.691
3	820.706
3	1069.792
3	1347.592
3	2729.862
3	2837.769
3	3153.625
3	4285.709
3	4285.72
3	4425.276
3	5358.485
3	6233.192
3	7267.446
3	7440.736
3	7614.907
3	7627.322
3	8378.728
3	8651.913
3	8651.937
3	9122.642
3	9122.655
3	10444.115
3	10444.167
3	11005.129
3	11005.168
3	11005.187
3	11005.208
3	11124.915
3	11124.946
3	11195.08
3	11283.496
3	11537.226
3	11907.567
3	12226.833
3	12232.531
3	13675.042
3	14093.483
3	14100.188
3	14193.696
3	14306.777
3	14604.967
3	14604.986
3	14684.096
3	15072.576
3	15229.766
3	15966.046
3	15966.091
3	15966.101
3	16573.579
3	16667.099
3	17182.955
3	17294.17
3	17400.233
3	17549.094
3	17610.453
3	17714.453
3	17941.321
3	17984.337
3	17984.441
3	18152.983
3	18153.034
3	18158.209
3	18207.905
3	18260.925
3	18260.939
3	18260.947
3	18508.259
3	18581.99
3	18603.33
3	18701.948
3	18937.806
3	19155.486
3	19155.493
3	19191.557
3	19377.207
3	19491.381
3	19505.203
3	19505.22
3	23230.895
3	23230.914
3	24398.132
3	24441.966
3	24442.02
3	24481.649
3	24481.65
3	25072.94
3	25134.92
3	25134.928
3	25173.425
3	25498.909
3	25692.097
3	25692.115
3	25859.712
3	25859.73
3	26243.559
3	26535.43
3	26558.563
3	26941.595
3	26941.633
3	27193.435
3	27772.166
3	27782.544
3	27943.6
3	27944.795
3	28363.588
3	28761.539
3	29661.703
3	29856.474
3	29950.1
3	36932.423
3	37579.015
3	38409.698
3	40387.251
3	40387.283
3	40899.097
3	40904.74
3	41481.397
3	42268.621
3	42508.462
3	42508.469
3	43464.952
3	44685.122
3	45241.297
3	45671.249
3	46201.302
3	46418.378
3	46427.897
3	47192.532
3	47362.058
3	47800.602
3	47879.507
3	47949.212
3	48052.097
3	48075.164
3	48183.751
3	48306.78
3	48347.488
3	48771.015
3	48967.837
3	48967.866
3	49122.247
3	59685.49
3	66806.799
3	66984.086
3	70079.897
3	70112.825
3	70166.409
3	71014.168
3	71014.177
3	71371.28
3	71659.841
3	72535.16
3	74496.502
3	74554.159
3	74803.999
3	76057.323
3	77617.391
3	77718.759
3	86296.508
3	87864.538
3	88581.017
3	89388.377
3	89950.106
3	90640.114
3	90684.582
3	91435.715
3	91506.256
3	92071.48
3	92205.029
3	95298.847
3	96130.102
3	96255.127
3	96350.73
3	98504.788
3	98555.841
3	98968.572
3	99869.26
3	100202.663
3	100399.152
4	4.195
4	13439.21
4	13598.117
4	14305.729
4	14421.501
4	14421.528
4	14570.922
4	14580.848
4	14580.849
4	14764.3
4	14971.213
4	15053.749
4	15092.495
4	15092.523
4	15148.399
4	15267.673
4	15323.211
4	15358.117
4	15391.719
4	15402.879
4	15479.772
4	15501.031
4	15501.035
4	15621.833
4	15650.068
4	15761.004
4	15761.025
4	15857.503
4	41755.309
4	48206.301
4	48991.894
4	49294.712
4	50063.815
4	52515.375
4	52515.378
5	11.652
5	137.234
5	167.513
5	251.911
5	563.026
5	716.369
5	1290.123
5	1543.553
5	2018.057
5	2667.393
5	3094.471
5	3651.98
5	4044.003
5	4044.025
5	4315.727
5	4342.953
5	4475.166
5	4571.463
5	5092.76
5	5144.93
5	5144.948
5	5631.935
5	6035.148
5	6246.925
5	6246.939
5	6331.743
5	7457.944
5	7848.366
5	7850.475
5	7925.971
5	8246.701
5	8252.788
5	8865.223
5	8937.803
5	9100.544
5	9662.346
5	10082.412
5	10111.095
5	10177.489
5	10402.379
5	10848.56
5	10848.658
5	10921.063
5	10984.137
5	11603.134
5	11787.789
5	12085.599
5	12115.721
5	12115.722
5	12117.108
5	13850.918
5	13851.021
5	13851.022
5	14745.536
5	14822.767
5	14872.802
5	14954.165
5	14954.173
5	15547.54
5	15613.971
5	15614.075
5	15925.337
5	16036.71
5	16149.388
5	16152.624
5	16152.638
5	16312.932
5	16426.475
5	16587.58
5	16680.25
5	16680.278
5	16821.01
5	17336.171
5	17492.482
5	17553.921
5	17578.29
5	17804.636
5	17877.604
5	17877.632
5	17892.51
5	18590.266
5	18590.298
5	18867.723
5	19078.059
5	19270.466
5	41228.691
5	41821.348
5	41834.968
5	42487.875
5	42774.416
5	42774.43
5	42851.08
5	43067.566
5	43105.258
5	43299.157
5	43320.048
5	43445.245
5	43455.997
5	43911.107
5	44897.17
5	45651.884
5	47383.636
5	50391.643
5	53165.898
5	53873.296
5	54646.499
5	54752.001
5	54752.003
5	56784.09
5	57297.772
5	57416.68
5	57636.944
5	58411.945
5	58478.382
5	60351.487
5	60805.537
5	60820.402
5	60876.699
5	61071.665
5	61101.086
5	61175.159
5	61242.053
5	61321.785
5	61896.844
5	61896.848
5	62286.158
5	62524.37
6	10857.772
7	3485.253
7	5021.021
7	23527.954
7	33976.008
8	814.27
8	1341.435
8	6509.284
8	6509.302
8	6520.777
8	15961.317
9	3136.845
9	15354.067
9	16382.047
10	19838.239
10	19878.028
10	20021.285
10	20039.915
10	20092.983
10	20103.854
10	20351.193
10	20351.438
10	20401.494
10	20437.968
11	14374.898
12	1507.999
12	16929.134
13	313.724
13	530.317
13	592.92
13	592.964
13	592.976
13	680.112
13	769.573
13	769.617
13	837.649
13	837.658
13	890.024
13	903.753
13	905.777
13	907.034
13	1068.704
13	1134.744
13	1171.394
13	14454.91
14	465.496
14	465.533
14	567.172
14	620.643
14	730.513
14	4670.44
14	4670.451
14	5249.979
14	16597.342
14	17036.032
14	17066.042
14	17066.088
14	17160.575
15	1538.922
18	4931.105
19	921.706
19	921.717
19	1059.919
19	1094.587
19	1122.841
19	1171.501
19	1175.539
19	1175.595
19	1206.966
19	1239.826
19	1316.525
19	1599.821
20	34.879
20	216.764
20	216.778
20	333.368
20	536.299
20	791.701
20	825.244
20	833.364
20	1004.301
20	1345.217
21	214.5
21	214.531
22	828.36
22	828.462
22	846.069
23	3998.401
24	4590.448
26	2579.19
26	2884.066
26	5447.498
26	5545.729
26	5595.85
26	5595.887
26	5738.294
26	5847.862
26	5847.887
27	1895.631
27	2730.53
27	4118.899
27	5050.48
28	3437.631
28	3437.649
1A	40.176
1A	79.532
1A	155.478
1A	160.622
1A	501.6
1A	501.61
1A	563.764
1A	609.866
1A	609.901
1A	616.081
1A	719.792
1A	1067.683
1A	1428.232
1A	1480.763
1A	1503.153
1A	1503.154
1A	2031.185
1A	2031.201
1A	2103.631
1A	2601.242
1A	4657.977
1A	4988.652
1A	5298.721
1A	5585.929
1A	5680.099
1A	5760.357
1A	5802.421
1A	5911.159
1A	5987.207
1A	6280.67
1A	6382.037
1A	6440.41
1A	6462.639
1A	6950.19
1A	6950.22
1A	6950.247
1A	7473.527
1A	8700.792
1A	8751.786
1A	8770.139
1A	9311.879
1A	9607.675
1A	9762.629
1A	10151.698
1A	10151.699
1A	10151.721
1A	10513.499
1A	10568.237
1A	10791.351
1A	10802.737
1A	10818.201
1A	10818.216
1A	11025.793
1A	11521.287
1A	11587.584
1A	12180.034
1A	13408.162
1A	13531.968
1A	13704.906
1A	17461.039
1A	17461.061
1A	17465.909
1A	18188.25
1A	18822.905
1A	18969.592
1A	19224.332
1A	19224.427
1A	19640.777
1A	20019.315
1A	20465.72
1A	20561.234
1A	20654.291
1A	22266.319
1A	24023.481
1A	24418.894
1A	26123.554
1A	26319.69
1A	26557.453
1A	26620.125
1A	26642.318
1A	26736.654
1A	26813.118
1A	26826.141
1A	27019.734
1A	27085.166
1A	27222.952
1A	27222.968
1A	27418.051
1A	28096.098
1A	28111.676
1A	28369.271
1A	28369.289
1A	28596.029
1A	28596.07
1A	29039.272
1A	29376.077
1A	29511.375
1A	29511.408
1A	29613.512
1A	29627.092
1A	30082.089
1A	30148.754
1A	30403.646
1A	30427.392
1A	30449.949
1A	30486.46
1A	30919.346
1A	30923.001
1A	30935.421
1A	31002.577
1A	31197.938
1A	31343.914
1A	33131.934
1A	34350.929
1A	34403.541
1A	34469.106
1A	34946.032
1A	35077.777
1A	35483.907
1A	35595.747
1A	36481.568
1A	36996.408
1A	37281.437
1A	37920.263
1A	37920.28
1A	38563.503
1A	39288.455
1A	39885.869
1A	39891.746
1A	40503.891
1A	40691.036
1A	41715.87
1A	41715.895
1A	41903.586
1A	42032.954
1A	42923.585
1A	42923.614
1A	43651.011
1A	43651.899
1A	43651.9
1A	43858.59
1A	44080.826
1A	44350.84
1A	44457.413
1A	44753.1
1A	44753.124
1A	45058.214
1A	45399.029
1A	45399.036
1A	45983.747
1A	46017.705
1A	46017.734
1A	46144.919
1A	46959.37
1A	46959.375
1A	47181.272
1A	47433.631
1A	47802.041
1A	47897.421
1A	48193.001
1A	48603.011
1A	48695.554
1A	49383.989
1A	49573.097
1A	50442.884
1A	50923.817
1A	50959.718
1A	50994.522
1A	51470.146
1A	51502.396
1A	51742.767
1A	52161.267
1A	52179.123
1A	52413.78
1A	52461.378
1A	52529.604
1A	52529.622
1A	53241.314
1A	53241.349
1A	53241.365
1A	54030.504
1A	54093.983
1A	55150.803
1A	55150.833
1A	55880.769
1A	56717.172
1A	56747.116
1A	56751.322
1A	59459.391
1A	59936.851
1A	60135.051
1A	60749.635
1A	60841.656
1A	60841.674
1A	60906.587
1A	61891.818
1A	62033.511
1A	62180.078
1A	62180.085
1A	62202.226
1A	62369.286
1A	62369.299
1A	62601.914
1A	62755.826
1A	63204.072
1A	63705.893
1A	64483.87
1A	64507.215
1A	64579.524
1A	64682.191
1A	65112.053
1A	65316.57
1A	66275.039
1A	66499.379
1A	66663.18
1A	66844.057
1A	66844.089
1A	66844.114
4A	15435.187
LGE22	622.476
Z	140.3
Z	140.323
Z	171.189
Z	292.196
Z	292.234
Z	338.708
Z	380.824
Z	15409.809
Z	15784.433
Z	28729.606
Z	31556.356
Z	33472.279
Z	33472.327
Z	33472.331
Z	34545.287
Z	38317.789
Z	45248.307
Z	45307.409
Z	46635.375
Z	46909.908
Z	50932.106
Z	52293.414
Z	55591.212
Z	56842.835
Z	58278.656
Z	58306.146
Z	58359.83
Z	58359.831
Z	58378.116
Z	58378.129
Z	58378.331
Z	58378.363
Z	70741.3
Z	70741.33
0	80.817
1	1600.031
1	25189.739
1	28024.001
1	29818.227
1	31655.653
1	32975.995
1	33008.111
1	34296.831
1	34296.846
1	34599.602
1	35791.791
1	36894.733
1	37328.572
1	39040.945
1	39040.965
1	40120.844
1	41143.603
1	41937.407
1	43898.898
1	44022.469
1	45638.982
1	45639.049
1	45656.869
1	46406.992
1	46764.328
1	46850.523
1	47774.161
1	47939.389
1	48443.725
1	48443.728
1	48443.748
1	50063.251
1	50508.142
1	51230.051
1	51261.24
1	52010.242
1	52277.71
1	52421.449
1	52629.113
1	52753.555
1	52753.561
1	52854.073
1	53516.583
1	53566.632
1	53586.248
1	53586.284
1	53706.849
1	53716.766
1	53761.875
1	54682.764
1	54848.096
1	55022.536
1	55242.234
1	55770.236
1	55829.376
1	55829.399
1	56092.421
1	57210.365
1	57821.851
1	58499.049
1	58575.712
1	58866.359
1	59278.19
1	59705.195
1	59705.211
1	60877.613
1	61055.194
1	61125.979
1	61747.909
1	62736.878
1	63189.587
1	63348.165
1	63832.537
1	64160.406
1	64784.653
1	65194.039
1	65378.313
1	65406.141
1	65953.717
1	66533.207
1	67356.056
1	68337.127
1	68633.451
1	68928.436
1	68928.465
1	68928.467
1	69037.314
1	69296.98
1	69689.203
1	70271.814
1	70943.364
1	71051.324
1	71079.889
1	71145.481
1	71618.388
1	71618.389
1	71912.727
1	71925.633
1	72126.763
1	72165.047
1	73172.445
1	73172.464
1	76812.117
1	76892.569
1	77663.918
1	77825.059
1	77825.099
1	78723.917
1	79540.034
1	79546.016
1	79779.493
1	81083.97
1	81419.273
1	81489.536
1	81489.538
1	81662.996
1	82542.942
1	82725.875
1	82725.913
1	83064.989
1	83387.7
1	83896.759
1	84045.845
1	84103.357
1	84312.132
1	84348.545
1	85105.186
1	85522.717
1	85781.522
1	85781.526
1	85842.835
1	86282.072
1	86454.469
1	86454.489
1	86454.49
1	86513.109
1	86574.006
1	86711.858
1	86711.869
1	86760.216
1	86813.375
1	86899.23
1	86931.393
1	87745.498
1	87905.405
1	87906.712
1	87975.98
1	88519.847
1	88807.53
1	89081.966
1	89147.801
1	89376.829
1	89432.976
1	89432.999
1	89716.563
1	90251.849
1	90251.892
1	90468.041
1	90578.482
1	90666.309
1	90781.054
1	91269.207
1	91280.153
1	91421.425
1	91548.949
1	91548.97
1	91780.112
1	91986.989
1	92152.07
1	92234.444
1	92273.583
1	92795.84
1	92857.225
1	93746.038
1	93797.141
1	94043.389
1	94043.393
1	94179.135
1	94187.457
1	94333.576
1	94605.886
1	94632.27
1	94817.572
1	95183.984
1	95183.992
1	95183.994
1	95236.863
1	95236.876
1	95405.897
1	95405.898
1	95562.856
1	95643.16
1	95643.21
1	95643.211
1	95974.428
1	95988.809
1	96610.752
1	96878.752
1	97121.429
1	97499.032
1	97996.811
1	99323.545
1	99323.578
1	100048.839
1	100648.546
1	100696.782
1	100860.896
1	101123.939
1	101185.321
1	101285.709
1	101303.396
1	101303.398
1	101707.756
1	101736.043
1	101736.067
1	102627.319
1	102627.34
1	102627.347
1	102964.109
1	102977.142
1	102977.144
1	103060.688
1	103060.691
1	103195.107
1	105085.375
1	105160.193
1	105182.669
1	105733.544
1	106059.974
1	106693.938
1	107030.959
1	107123.083
1	107294.21
1	107825.447
1	108381.095
1	108535.694
1	108713.15
1	108767.033
1	108901.518
1	108906.369
1	108906.398
1	109000.506
1	109068.315
1	109112.99
1	109405.099
1	109590.12
1	109762.631
1	109762.723
1	109942.121
1	110092.84
1	111307.912
1	111709.328
1	111980.76
1	112089.055
1	112266.005
1	112304.157
1	112419.348
1	112437.465
1	112482.434
1	112482.454
1	112591.951
1	112591.954
1	112603.596
1	112603.614
1	112956.773
1	112956.783
1	113171.018
1	113252.995
1	113255.419
1	113488.396
1	113662.756
1	113662.78
1	113662.79
1	113707.946
2	17521.207
2	55242.598
2	55278.427
2	55918.862
2	56416.62
2	56425.621
2	56998.35
2	57249.472
2	57339.103
2	57857.206
2	57950.869
2	57950.878
2	57994.275
2	58132.306
2	58132.333
2	58226.99
2	58672.955
2	58672.958
2	59093.239
2	60030.352
2	60030.399
2	60086.668
2	60264.972
2	65363.302
2	66249.411
2	66955.269
2	67082.843
2	67234.119
2	67452.576
2	67797.264
2	67938.732
2	67938.741
2	68220.427
2	68748.882
2	74332.445
2	80272.741
2	80559.713
2	81070.719
2	81070.772
2	81216.946
2	81245.504
2	81330.154
2	81544.266
2	117343.98
2	132168.069
2	144956.931
2	145141.736
2	145270.404
2	145556.392
2	145556.406
2	146337.473
2	146394.751
2	146858.524
2	146858.533
2	146902.81
2	147191.156
2	147191.188
2	147892.238
2	147892.279
2	148096.029
2	148289.045
2	148440.63
2	148440.64
2	148440.658
2	148440.672
2	148551.818
2	148669.109
2	148916.542
2	149725.746
2	149952.075
2	150075.543
2	150075.577
2	150222.744
2	150308.149
2	150314.918
3	341.691
3	820.706
3	1069.792
3	1347.592
3	2679.78
3	2729.862
3	2837.769
3	3153.625
3	4285.709
3	4285.72
3	4425.276
3	5675.146
3	6233.192
3	7267.446
3	7440.736
3	7454.648
3	7454.654
3	7614.907
3	7627.322
3	7959.926
3	8378.7
3	8554.924
3	8651.913
3	8651.937
3	9122.642
3	9403.676
3	10444.115
3	10444.167
3	10727.205
3	11005.129
3	11005.168
3	11005.187
3	11005.208
3	11124.915
3	11124.946
3	11195.08
3	11283.496
3	11607.217
3	11907.567
3	12232.531
3	13284.244
3	13284.281
3	13675.042
3	14093.483
3	14100.188
3	14193.696
3	14220.845
3	14220.888
3	14306.777
3	14310.401
3	14604.967
3	14604.986
3	14643.082
3	15072.572
3	15072.576
3	15229.766
3	15770.862
3	15966.046
3	15966.091
3	15966.101
3	16559.387
3	16559.392
3	16559.414
3	16573.579
3	16667.099
3	16953.272
3	17182.955
3	17294.17
3	17400.233
3	17400.247
3	17549.094
3	17610.453
3	17941.275
3	17941.321
3	17978.438
3	17984.337
3	18152.983
3	18153.034
3	18158.209
3	18158.224
3	18207.905
3	18260.925
3	18260.939
3	18260.947
3	18508.259
3	18509.864
3	18603.33
3	18696.436
3	18937.806
3	19019.009
3	19155.486
3	19155.493
3	19191.557
3	19377.207
3	19491.381
3	19505.203
3	19505.22
3	22960.232
3	23230.895
3	23230.914
3	23860.502
3	23860.543
3	23910.951
3	24398.132
3	24442.02
3	24442.027
3	24481.649
3	24481.65
3	25072.94
3	25134.92
3	25134.928
3	25173.413
3	25173.425
3	25498.909
3	25692.097
3	25692.115
3	25859.712
3	25859.73
3	26535.43
3	26558.563
3	26732.658
3	26941.595
3	26941.633
3	27043.158
3	27193.435
3	27386.575
3	27642.482
3	27699.091
3	27772.133
3	27772.166
3	27782.544
3	27943.6
3	27944.795
3	28363.588
3	28439.094
3	28761.539
3	29098.783
3	29231.577
3	29661.703
3	29856.474
3	29856.535
3	29950.1
3	36392.318
3	36476.621
3	36634.923
3	36932.423
3	38409.698
3	40387.251
3	40387.283
3	40904.74
3	41481.397
3	42268.621
3	42296.915
3	42508.462
3	42508.469
3	43464.952
3	43611.631
3	44685.122
3	45241.297
3	45671.249
3	46201.302
3	46418.378
3	46427.897
3	47192.532
3	47362.058
3	47455.586
3	47800.602
3	47879.507
3	47949.212
3	48052.097
3	48075.164
3	48144.072
3	48183.751
3	48306.78
3	48347.488
3	48771.015
3	48967.837
3	48967.866
3	49122.247
3	62179.528
3	62202.106
3	63813.223
3	70079.897
3	70112.878
3	70166.409
3	71014.168
3	71014.177
3	71371.28
3	72408.539
3	72535.16
3	72854.68
3	73339.431
3	73959.962
3	74496.502
3	74554.159
3	74751.248
3	74803.999
3	76057.323
3	76201.552
3	77617.391
3	77718.759
3	78866.838
3	78972.446
3	78972.447
3	82744.304
3	84785.474
3	86296.508
3	87864.538
3	89243.36
3	89388.377
3	90640.114
3	90684.582
3	91352.609
3	91352.624
3	91435.715
3	91506.256
3	91875.443
3	92071.48
3	92205.029
3	92281.648
3	95298.847
3	95775.734
3	95834.743
3	96130.102
3	96255.127
3	96350.73
3	96758.488
3	98504.788
3	98555.841
3	98968.572
3	99564.13
3	99747.171
3	100202.663
3	102986.483
3	105616.87
3	113027.674
3	119349.616
3	119508.658
3	121808.993
4	35.841
4	3415.092
4	13009.382
4	13414.154
4	13544.702
4	13802.556
4	14086.69
4	14421.501
4	14421.528
4	14522.593
4	14570.922
4	14580.848
4	14580.849
4	14668.582
4	14764.3
4	14810.461
4	14971.213
4	15092.495
4	15092.523
4	15148.399
4	15267.673
4	15323.211
4	15358.117
4	15391.719
4	15402.879
4	15479.772
4	15501.031
4	15501.035
4	15621.833
4	15650.068
4	15761.004
4	15761.025
4	15857.503
4	16658.842
4	27610.853
4	27668.754
4	27683.132
4	28976.039
4	30985.821
4	30985.86
4	39519.777
4	39519.803
4	40228.488
4	41642.171
4	41755.309
4	41861.466
4	43395.061
4	48206.301
4	48991.894
4	49083.034
4	49195.638
4	49518.519
4	50007.723
4	51984.404
4	51984.415
4	51984.425
4	60436.205
4	63563.167
5	137.234
5	167.513
5	251.911
5	563.026
5	658.522
5	716.369
5	1290.123
5	1314.301
5	1543.553
5	2018.057
5	2021.333
5	2335.493
5	2667.393
5	3094.471
5	4044.003
5	4044.025
5	4315.727
5	4315.772
5	4342.953
5	4475.166
5	4571.463
5	5092.76
5	5141.066
5	5144.93
5	5144.948
5	6035.148
5	6246.925
5	6331.743
5	6417.959
5	7848.366
5	8252.788
5	8865.223
5	8937.803
5	9100.544
5	9519.909
5	9688.597
5	10082.399
5	10082.412
5	10082.447
5	10089.704
5	10111.095
5	10402.379
5	10848.658
5	10921.063
5	10984.137
5	11354.822
5	11393.262
5	11487.836
5	11832.575
5	12012.32
5	12085.599
5	12115.721
5	12115.722
5	12281.859
5	13850.918
5	13851.021
5	13851.022
5	14730.946
5	14745.536
5	14822.767
5	14872.802
5	15547.54
5	15614.075
5	15925.337
5	16029.682
5	16036.71
5	16118.834
5	16128.524
5	16154.768
5	16154.788
5	16154.81
5	16208.208
5	16312.932
5	16426.475
5	16531.365
5	16680.278
5	16821.01
5	17336.171
5	17492.482
5	17553.921
5	17578.29
5	17804.636
5	17877.604
5	17877.632
5	17892.51
5	18590.266
5	18590.298
5	18867.723
5	18867.763
5	19270.466
5	19455.742
5	24807.247
5	29793.493
5	36281.415
5	37259.061
5	37797.894
5	41228.691
5	41821.348
5	41821.362
5	41834.968
5	42114.776
5	42774.416
5	42774.43
5	43067.566
5	43105.258
5	43299.157
5	43320.048
5	43455.997
5	44897.17
5	45651.884
5	46879.471
5	47383.636
5	50391.643
5	51271.671
5	53165.898
5	53873.296
5	54646.499
5	54752.003
5	55145.234
5	56784.09
5	57297.772
5	57353.684
5	57636.944
5	58259.726
5	58374.482
5	58411.945
5	58478.382
5	58505.043
5	58752.818
5	58803.749
5	58917.649
5	59329.656
5	60351.487
5	60820.402
5	60876.699
5	61071.665
5	61175.159
5	61242.053
5	61321.785
5	61896.844
5	61896.848
5	62286.158
5	62524.37
6	2210.746
6	4093.524
6	4093.529
6	4093.53
6	7767.497
6	9479.215
6	9479.245
6	9645.846
6	9924.947
6	9932.081
6	10425.117
6	10553.923
7	3023.865
7	3485.253
7	9388.92
7	9388.923
7	17108.955
7	19104.701
7	19104.71
7	23097.928
7	33976.008
8	6599.977
8	15961.317
8	18537.212
9	89.158
9	1032.412
9	4713.089
9	15354.067
9	23052.519
10	6201.712
10	11673.898
10	19838.239
10	19878.028
10	20021.285
10	20039.915
10	20092.983
10	20103.854
10	20351.193
10	20351.438
10	20395.764
10	20401.494
10	20437.968
11	8122.079
11	19772.549
11	20758.253
12	1507.999
12	3408.452
12	3408.484
12	6626.906
12	13585.69
12	14278.769
12	19442.36
12	19652.364
13	313.724
13	403.532
13	444.227
13	479.717
13	530.317
13	592.92
13	592.964
13	592.976
13	680.112
13	769.573
13	769.617
13	837.649
13	837.658
13	890.024
13	903.753
13	905.777
13	907.034
13	1068.704
13	1134.744
13	1171.394
13	1180.246
13	10998.78
14	465.496
14	465.533
14	567.172
14	620.643
14	730.513
14	1367.355
14	3590.762
14	4670.44
14	4670.451
14	11493.449
14	14124.765
14	16597.342
14	17036.032
14	17066.042
14	17066.088
14	17160.575
15	1563.129
15	1640.84
15	7831.162
17	2832.42
17	7914.15
18	3047.172
18	3923.588
18	10842.188
19	921.706
19	921.717
19	1059.919
19	1094.587
19	1122.841
19	1151.004
19	1171.501
19	1175.539
19	1175.595
19	1206.966
19	1239.826
19	1316.525
19	1435.179
19	1599.821
19	1611.712
19	7629.735
20	34.879
20	216.764
20	216.778
20	333.368
20	536.299
20	791.701
20	825.244
20	833.364
20	935.486
20	1004.301
20	1345.217
20	2565.073
20	3658.397
20	4436.488
21	214.5
21	214.527
21	214.531
21	2366.924
22	828.36
22	828.462
22	846.069
22	4295.798
23	4266.431
23	4402.422
23	4465.488
23	4471.235
24	4303.81
24	4590.448
26	2579.19
26	2666.306
26	2760.938
26	2884.066
26	5447.498
26	5506.424
26	5545.729
26	5547.348
26	5595.85
26	5595.887
26	5738.294
26	5847.862
26	5847.887
27	5050.48
28	1901.314
28	3240.602
28	3437.631
28	3437.649
1A	118.735
1A	155.478
1A	563.764
1A	609.863
1A	609.866
1A	616.043
1A	616.081
1A	719.784
1A	1067.683
1A	1428.232
1A	1480.763
1A	1503.153
1A	1503.154
1A	2031.185
1A	2103.631
1A	2601.242
1A	4657.977
1A	4988.652
1A	5585.929
1A	5680.099
1A	5760.357
1A	5911.159
1A	5987.207
1A	6162.494
1A	6280.669
1A	6382.037
1A	6462.639
1A	6869.083
1A	6950.19
1A	6950.22
1A	6950.247
1A	7154.905
1A	7154.926
1A	7445.113
1A	7473.527
1A	8700.792
1A	8751.786
1A	8770.139
1A	9311.879
1A	9407.341
1A	9466.26
1A	9527.256
1A	9702.411
1A	9762.629
1A	10151.721
1A	10428.635
1A	10513.499
1A	10802.737
1A	10818.201
1A	10818.216
1A	11025.793
1A	11521.287
1A	11587.584
1A	11870.265
1A	12180.034
1A	12732.28
1A	13381.068
1A	13704.906
1A	13920.896
1A	13928.784
1A	13928.802
1A	14143.337
1A	14172.213
1A	16530.436
1A	17270.889
1A	17270.902
1A	17461.039
1A	17461.061
1A	17465.909
1A	17490.352
1A	18143.961
1A	18143.976
1A	18333.465
1A	18633.172
1A	18822.905
1A	18969.592
1A	19224.427
1A	19640.777
1A	20019.315
1A	20448.456
1A	20448.461
1A	20465.734
1A	22155.059
1A	22258.077
1A	22266.319
1A	22960.424
1A	23822.838
1A	24023.481
1A	24418.929
1A	26123.554
1A	26123.57
1A	26557.453
1A	26620.125
1A	26642.318
1A	26813.118
1A	26826.141
1A	27019.734
1A	27019.746
1A	27085.144
1A	27222.952
1A	27222.968
1A	27418.051
1A	27781.888
1A	27781.905
1A	28096.098
1A	28098.474
1A	28323.755
1A	28351.919
1A	28369.271
1A	28369.289
1A	28596.029
1A	28596.07
1A	28851.766
1A	28989.061
1A	29039.272
1A	29376.077
1A	29390.257
1A	29390.273
1A	29454.667
1A	29511.375
1A	29511.408
1A	29613.512
1A	29627.067
1A	29627.092
1A	29628.27
1A	29796.856
1A	30148.754
1A	30403.61
1A	30403.646
1A	30427.392
1A	30449.919
1A	30486.46
1A	30491.23
1A	30600.297
1A	30919.346
1A	30923.001
1A	30935.421
1A	31002.577
1A	31197.938
1A	31343.914
1A	33874.069
1A	34275.763
1A	34350.929
1A	34403.541
1A	34469.106
1A	34720.11
1A	34720.148
1A	34946.032
1A	35077.777
1A	35483.907
1A	35595.747
1A	35623.118
1A	36019.899
1A	36481.564
1A	36481.568
1A	36728.231
1A	36996.408
1A	37281.437
1A	37591.759
1A	37920.263
1A	38563.503
1A	39288.455
1A	39663.262
1A	40503.891
1A	40691.036
1A	41672.096
1A	41715.87
1A	41715.895
1A	42032.954
1A	42645.178
1A	42923.585
1A	43190.179
1A	43651.011
1A	43716.852
1A	43858.59
1A	44080.826
1A	44350.84
1A	44457.413
1A	44753.1
1A	44753.124
1A	45058.214
1A	45399.029
1A	45399.036
1A	45983.747
1A	46017.705
1A	46144.919
1A	47433.631
1A	47451.806
1A	47570.956
1A	47896.656
1A	47897.421
1A	48193.001
1A	48546.957
1A	48602.997
1A	48695.554
1A	49383.989
1A	49573.097
1A	50442.884
1A	50923.817
1A	50959.718
1A	50994.522
1A	51138.585
1A	51470.146
1A	51502.396
1A	51742.725
1A	51742.767
1A	52161.267
1A	52179.123
1A	52413.78
1A	52461.378
1A	52529.567
1A	52529.604
1A	52529.622
1A	53146.827
1A	53241.314
1A	53241.349
1A	54030.504
1A	54093.983
1A	55135.41
1A	55150.803
1A	55150.833
1A	56717.172
1A	56747.116
1A	57667.119
1A	57949.866
1A	58715.863
1A	59459.391
1A	59936.851
1A	60135.051
1A	60749.635
1A	60841.656
1A	60841.674
1A	60906.587
1A	61891.818
1A	62033.511
1A	62174.897
1A	62180.078
1A	62180.085
1A	62202.226
1A	62369.286
1A	62369.299
1A	62755.826
1A	62755.847
1A	62940.333
1A	63100.66
1A	63204.072
1A	64483.87
1A	64507.215
1A	64579.524
1A	64682.191
1A	65112.053
1A	65316.57
1A	66275.039
1A	66499.379
1A	66663.18
1A	66844.057
1A	66844.089
1A	66844.114
1A	67698.278
4A	332.75
4A	5344.411
4A	9283.831
4A	15435.187
4A	16962.681
4A	17163.982
4A	17797.057
4A	18536.436
4A	20011.564
LGE22	737.8
Z	140.3
Z	140.323
Z	292.196
Z	292.234
Z	380.824
Z	6137.852
Z	13335.99
Z	14689.42
Z	14689.439
Z	15409.809
Z	15784.433
Z	17885.119
Z	21351.133
Z	26406.053
Z	28729.606
Z	31556.356
Z	32726.38
Z	33472.279
Z	33472.327
Z	33472.331
Z	33730.203
Z	34545.287
Z	35584.801
Z	38317.789
Z	45307.409
Z	45874.301
Z	46635.375
Z	46909.908
Z	50932.106
Z	52293.414
Z	53098.763
Z	53476.122
Z	55591.212
Z	57941.386
Z	58106.9
Z	58278.656
Z	58306.056
Z	58306.128
Z	58306.146
Z	58359.83
Z	58359.831
Z	58378.116
Z	58378.129
Z	58378.331
Z	58378.363
Z	70741.3
Z	70741.304
Z	70741.33
0	4.988
0	25.944
0	80.817
1	9330.941
1	26636.552
1	31661.78
1	33780.647
1	37119.363
1	37328.552
1	40784.487
1	53516.598
1	56851.64
1	64160.406
1	64384.426
1	65194.039
1	65953.717
1	65985.552
1	70630.428
1	78931.766
1	82542.899
1	82542.942
1	84045.845
1	84348.545
1	85105.186
1	85781.522
1	86394.63
1	86454.469
1	87745.498
1	88519.847
1	89147.801
1	89376.829
1	90251.892
1	90578.461
1	90837.535
1	92234.444
1	92273.583
1	94817.572
1	95183.905
1	96878.752
1	96967.531
1	97825.222
1	100497.116
1	100648.546
1	100808.65
1	101123.939
1	103195.107
1	107123.083
1	107825.465
1	108084.844
1	109590.12
1	110051.736
1	110599.838
1	111709.328
1	111739.022
1	111980.76
1	112034.169
1	112065.798
1	112120.044
1	112123.056
1	112437.465
1	112482.454
1	112591.951
1	112938.941
1	113217.344
1	113488.396
1	113488.407
2	48715.857
2	51651.177
2	57416.751
2	64762.967
2	67082.861
2	67234.119
2	74706.721
2	79981.842
2	80559.776
2	128140.068
2	128493.203
2	143745.365
2	143745.367
2	148440.64
3	1251.142
3	5675.146
3	7454.648
3	10476.835
3	10727.205
3	11005.129
3	12232.493
3	12232.531
3	12843.219
3	14604.986
3	17294.17
3	17714.453
3	17984.441
3	19437.825
3	19437.832
3	24442.027
3	24481.649
3	24481.65
3	24900.456
3	25134.92
3	25498.909
3	25860.508
3	26535.43
3	27193.435
3	27845.005
3	28614.238
3	28761.521
3	34616.372
3	38152.991
3	42296.915
3	57390.341
3	59558.618
3	66806.799
3	67827.319
3	71272.993
3	71371.28
3	82515.066
3	85506.856
3	86240.451
3	87067.699
3	88588.211
3	91506.255
3	91808.327
3	95991.623
3	97358.716
3	99564.13
3	102336.245
4	4.195
4	6931.799
4	10505.069
4	13039.406
4	15466.764
4	18932.283
4	27914.229
4	39239.575
4	56185.29
4	66392.964
5	11.652
5	167.513
5	2018.057
5	3651.98
5	4315.727
5	4475.166
5	5144.93
5	5144.948
5	6306.27
5	7848.366
5	7925.971
5	8246.701
5	8252.788
5	8637.591
5	9100.544
5	10082.412
5	10082.447
5	10177.489
5	10848.658
5	12012.32
5	12115.721
5	12115.722
5	13851.021
5	13851.022
5	14745.536
5	14822.767
5	14872.802
5	14873.437
5	14954.165
5	15322.854
5	15547.54
5	15613.971
5	16036.71
5	16152.624
5	16152.638
5	16312.932
5	16312.937
5	16587.58
5	17553.921
5	17578.29
5	17599.766
5	17877.632
5	19078.059
5	29296.881
5	31441.602
5	37179.844
5	40331.068
5	41035.209
5	42400.316
5	42774.43
5	43445.245
5	43911.107
5	45308.072
5	45651.884
5	46879.471
5	53873.296
5	54752.001
5	54752.003
5	56220.46
5	58062.009
5	58411.964
5	60650.213
5	61101.086
5	61175.159
5	61242.053
6	534.94
6	4461.968
6	7884.338
6	8008.539
6	15061.98
6	18308.889
6	19468.292
7	15191.968
7	36564.193
8	6638.647
8	11151.792
8	15961.317
8	29417.071
9	15354.067
9	16375.169
9	18885.679
9	25322.089
10	17109.552
11	8774.622
11	16543.208
12	3408.46
12	10282.079
12	19762.431
13	255.404
13	403.532
13	680.112
13	1519.188
13	2104.374
13	3818.459
14	3739.637
14	4670.44
14	4670.451
14	11456.718
14	12109.546
14	18583.884
15	5713.449
18	3917.412
18	6643.26
18	6838.246
18	6838.247
18	8063.151
18	9165.943
19	1122.865
19	4828.784
19	5073.359
20	825.244
20	3771.377
20	3830.308
20	4345.785
20	4345.804
20	8380.303
20	10133.902
20	12249.704
21	523.324
21	931.019
21	1383.717
21	1762.738
22	828.462
22	846.069
22	4151.795
23	4091.349
24	878.95
24	5077.787
26	333.302
28	2443.994
28	4435.386
1A	155.478
1A	160.644
1A	501.6
1A	501.61
1A	563.764
1A	609.901
1A	616.081
1A	1067.683
1A	1428.232
1A	2031.185
1A	2103.631
1A	5585.929
1A	5680.099
1A	5802.421
1A	5911.159
1A	6280.67
1A	6440.41
1A	6950.19
1A	7770.922
1A	9702.411
1A	10151.698
1A	10151.699
1A	10568.237
1A	10791.351
1A	10818.201
1A	11528.049
1A	11587.584
1A	11657.865
1A	12180.034
1A	12180.044
1A	12627.197
1A	13408.162
1A	13704.906
1A	14638.694
1A	17461.039
1A	17461.061
1A	17465.909
1A	18241.609
1A	19224.332
1A	20019.315
1A	22541.453
1A	24023.481
1A	24418.894
1A	26319.69
1A	26813.118
1A	26826.141
1A	27019.734
1A	27418.051
1A	28111.676
1A	30148.754
1A	30427.392
1A	31002.577
1A	31343.91
1A	31429.501
1A	33131.934
1A	34469.066
1A	35077.777
1A	35595.747
1A	36019.899
1A	36996.408
1A	37281.437
1A	39288.455
1A	40965.549
1A	41715.895
1A	42032.954
1A	42340.9
1A	42923.614
1A	43651.9
1A	43858.59
1A	44080.826
1A	45058.214
1A	45983.747
1A	46017.705
1A	46625.613
1A	47181.272
1A	47433.631
1A	47802.041
1A	48603.011
1A	48695.554
1A	49573.097
1A	50442.884
1A	50923.817
1A	51797.776
1A	52179.123
1A	52529.622
1A	53241.349
1A	53241.365
1A	56751.322
1A	59459.391
1A	60749.635
1A	60841.674
1A	62033.511
1A	62180.085
1A	62369.299
1A	62601.914
1A	62755.826
1A	63204.072
1A	63705.893
1A	64507.215
1A	66685.267
4A	6616.229
Z	28729.606
Z	31556.356
Z	33472.331
Z	34545.287
Z	45307.409
Z	45874.301
Z	46635.375
Z	52293.414
Z	58278.656
Z	58306.056
Z	58359.83
Z	58359.831
Z	58378.331
Z	58378.363
Z	70741.3
Z	70741.304
0	80.817
1	10650.492
1	14609.496
1	21209.27
1	24758.119
1	27992.288
1	28024.001
1	36894.733
1	37328.572
1	38152.193
1	40784.487
1	51230.051
1	52421.449
1	52753.572
1	55545.53
1	59026.525
1	63189.586
1	63348.165
1	65953.717
1	67141.297
1	67326.044
1	69296.98
1	71051.324
1	77825.059
1	77825.099
1	82542.942
1	82725.875
1	83064.989
1	83387.7
1	85781.522
1	85842.835
1	86574.006
1	86711.858
1	87906.712
1	88807.53
1	88807.577
1	89147.801
1	89716.563
1	90468.074
1	90578.482
1	91128.181
1	91280.153
1	91421.425
1	91548.97
1	92234.444
1	92273.583
1	93525.795
1	94179.135
1	94605.886
1	95183.984
1	95183.992
1	95183.994
1	95562.856
1	96878.752
1	97121.429
1	101277.467
1	101855.444
1	101855.448
1	106693.938
1	107123.083
1	108381.095
1	109000.506
1	109590.12
1	109762.723
1	111307.912
1	111709.328
1	111980.76
1	112304.157
1	112437.465
1	112482.454
1	112591.951
1	112603.596
1	112956.773
1	113252.995
1	113255.419
1	113488.396
1	113488.415
2	2378.707
2	4740.581
2	8223.046
2	10524.737
2	17264.914
2	17521.207
2	19825.956
2	36977.498
2	41938.826
2	42392.55
2	46854.448
2	51569.206
2	51569.213
2	55918.862
2	56416.62
2	56425.621
2	56998.35
2	60264.972
2	66249.411
2	67082.851
2	67938.741
2	68748.882
2	81070.719
2	84253.482
2	88994.686
2	89865.403
2	115988.081
2	121131.648
2	130557.586
2	131174.535
2	145556.406
2	147191.188
2	147892.279
2	148440.658
2	150222.744
3	341.691
3	2729.862
3	3153.625
3	4285.709
3	4285.72
3	4705.062
3	7270.207
3	7440.736
3	7454.648
3	10444.115
3	10444.167
3	10727.205
3	10727.216
3	11005.208
3	11124.915
3	12232.503
3	13197.283
3	14100.188
3	14310.401
3	15072.576
3	15356.044
3	16559.392
3	16559.414
3	16573.579
3	16667.099
3	16953.298
3	17400.233
3	17941.321
3	17984.337
3	18152.983
3	19491.381
3	19505.22
3	23230.914
3	24398.132
3	25859.712
3	25859.73
3	26535.43
3	27193.435
3	27944.795
3	36392.318
3	40899.081
3	41721.732
3	44685.122
3	45671.249
3	47192.532
3	47800.602
3	47879.507
3	47966.85
3	48075.164
3	48306.78
3	48771.015
3	63385.015
3	70112.878
3	70166.409
3	70592.002
3	74751.248
3	75668.384
3	84785.474
3	87229.194
3	88460.363
3	90399.689
3	91506.256
3	92071.48
3	98504.788
3	108272.724
3	117846.428
3	123092.889
3	123436.238
3	123686.186
3	125071.274
3	128717.116
4	6322.618
4	9406.249
4	14421.501
4	14459.763
4	15092.495
4	15391.719
4	15402.879
4	15479.772
4	15501.031
4	15650.068
4	15857.503
4	18125.55
4	18793.652
4	24332.085
4	28812.215
4	30837.52
4	40956.643
4	49269.206
4	49597.055
4	50905.29
4	51984.404
4	51984.415
4	51984.425
4	55772.893
4	68519.496
5	167.513
5	251.911
5	2018.057
5	2021.333
5	4571.463
5	5144.93
5	5144.948
5	6331.743
5	7848.366
5	8252.788
5	8937.803
5	9688.597
5	9902.429
5	10082.412
5	10089.704
5	10111.095
5	10921.063
5	10984.137
5	11832.575
5	12115.721
5	12115.722
5	12117.108
5	13851.021
5	13851.022
5	14745.536
5	14822.767
5	14872.802
5	15547.54
5	15727.838
5	16036.71
5	16154.768
5	16154.788
5	16154.81
5	16208.208
5	16312.932
5	16531.365
5	16821.01
5	17578.29
5	17892.51
5	18590.298
5	18867.723
5	20395.352
5	20395.373
5	24667.449
5	29946.914
5	30170.135
5	32326.195
5	34878.354
5	40572.309
5	43002.314
5	43911.107
5	45382.566
5	46371.367
5	51271.671
5	53873.296
5	54752.003
5	57416.68
5	58259.726
5	58505.043
5	58917.649
5	60820.402
5	60876.699
5	61644.642
6	3386.341
6	4538.368
6	9147.824
6	10191.349
6	10553.923
6	14461.962
6	19515.316
6	19795.522
7	123.094
7	852.916
7	871.094
7	4826.693
7	5050.37
7	6166.274
7	9388.922
7	14000.361
7	18862.035
7	19104.71
7	33976.008
7	36356.082
8	7418.984
8	7418.994
8	20278.217
8	20374.923
8	21868.736
8	24416.251
8	29465.042
9	1032.412
9	1860.547
9	7075.14
9	7443.814
9	11077.995
9	11362.329
9	16364.58
9	20736.693
9	23052.519
9	24937.065
10	1905.187
10	1923.188
10	2352.545
10	3784.895
10	11673.898
10	11877.285
10	11877.296
10	12408.051
10	15594.46
10	16804.041
10	19370.913
11	8772.592
11	16760.082
11	19982.167
12	4109.119
12	12065.617
12	12364.661
12	14189.763
12	15495.193
12	20604.409
13	102.788
13	151.025
13	151.027
13	331.694
13	403.532
13	568.799
13	1068.704
13	2209.481
13	2476.362
13	3269.084
13	4705.006
13	4942.064
13	7116.382
13	13271.741
13	15611.246
14	1160.569
14	2143.298
14	2394.635
14	3803.867
14	4670.44
14	4670.451
14	11442.96
14	17036.032
14	18583.888
14	19077.989
15	1061.062
15	1989.587
15	2656.218
15	4499.106
15	4499.17
15	8692.52
15	10548.387
15	10812.484
15	10812.485
15	11029.11
17	901.807
17	1480.946
17	5875.508
18	452.864
18	4069.367
18	7419.291
18	7961.188
18	8990.662
19	1122.841
19	1599.821
19	4918.534
19	5014.93
19	8919.569
20	34.879
20	216.764
20	333.368
20	536.299
20	791.701
20	1345.217
20	2089.443
20	2396.913
20	3830.277
20	4071.117
20	6132.278
20	8451.519
20	8924.412
20	12603.448
20	13596.973
21	1259.237
21	1609.925
23	3738.814
24	1204.447
24	6865.222
25	2250.84
26	841.305
26	891.795
26	891.796
26	891.799
26	1477.201
28	2437.902
28	4001.756
28	4243.988
28	4383.866
1A	118.735
1A	155.478
1A	609.866
1A	862.39
1A	2558.589
1A	4657.977
1A	4988.652
1A	5911.159
1A	6869.083
1A	6950.19
1A	6950.22
1A	7154.926
1A	7473.527
1A	7770.918
1A	10151.721
1A	10428.635
1A	10818.201
1A	11025.793
1A	12180.034
1A	13278.241
1A	13504.115
1A	13704.964
1A	13920.896
1A	15949.62
1A	17270.902
1A	17461.039
1A	17461.061
1A	17490.352
1A	18143.961
1A	18333.465
1A	18633.172
1A	18822.905
1A	18969.592
1A	19224.332
1A	20225.066
1A	20448.456
1A	25691.524
1A	26319.69
1A	26557.453
1A	26620.125
1A	26642.318
1A	26813.118
1A	28096.098
1A	28111.676
1A	28351.939
1A	28369.289
1A	28989.061
1A	29376.077
1A	29390.273
1A	29613.512
1A	30403.646
1A	30449.919
1A	30486.46
1A	30491.23
1A	30838.132
1A	30923.001
1A	31002.577
1A	31197.938
1A	32990.026
1A	34469.106
1A	34720.11
1A	34946.032
1A	36996.408
1A	37920.263
1A	38563.503
1A	39288.455
1A	39663.262
1A	39885.907
1A	41715.87
1A	42032.954
1A	43190.179
1A	43651.011
1A	44118.063
1A	44350.84
1A	44753.1
1A	44753.124
1A	45983.747
1A	46017.734
1A	46144.919
1A	47896.656
1A	47897.421
1A	48602.997
1A	48695.554
1A	49383.989
1A	49573.097
1A	50442.884
1A	50923.817
1A	50994.522
1A	51138.585
1A	51742.767
1A	52179.123
1A	52413.78
1A	52529.622
1A	53146.827
1A	53241.349
1A	54030.504
1A	54093.983
1A	55135.41
1A	58715.863
1A	59459.391
1A	60841.656
1A	60841.674
1A	60906.587
1A	61891.818
1A	62033.511
1A	62180.078
1A	62180.085
1A	62202.226
1A	62601.914
1A	62755.826
1A	62940.333
1A	63100.66
1A	63204.072
1A	64507.215
1A	64579.524
1A	65112.053
1A	65896.747
1A	66275.039
1A	66844.089
1A	67698.278
1A	71277.041
4A	8489.079
4A	8489.081
4A	15147.664
4A	18100.221
4A	18956.708
Z	140.3
Z	292.196
Z	380.824
Z	380.832
Z	1970.837
Z	13335.99
Z	14689.42
Z	17885.119
Z	28729.606
Z	33472.279
Z	33472.327
Z	33472.331
Z	33730.203
Z	34545.287
Z	35584.801
Z	45307.409
Z	46635.375
Z	46909.908
Z	55591.212
Z	57941.386
Z	58106.9
Z	58278.656
Z	58306.056
Z	58359.831
Z	58378.331
Z	58378.363
Z	58380.16
Z	67774.184
Z	70741.304